1024,10000
690,729
351,345
261,345
863,857
773,810
729,735
223,217
818,863
306,345
562,517
690,735
473,389
607,591
133,178
729,735
351,345
818,847
479,473
178,133
729,735
773,863
818,851
133,223
473,389
50,5
985,991
729,735
991,901
95,89
690,735
857,863
729,735
50,95
473,479
857,818
473,479
601,607
479,389
729,736
399,463
5,50
773,863
601,562
223,217
863,786
946,913
217,223
735,690
819,793
985,901
818,857
351,306
473,479
985,946
690,735
389,479
217,133
345,261
473,434
473,479
479,434
351,345
345,335
991,946
645,690
351,261
901,946
985,901
517,607
89,5
729,735
694,640
50,95
434,405
89,123
217,223
99,106
434,479
223,178
985,991
479,434
690,645
818,863
217,223
729,735
601,607
95,50
89,5
818,863
773,841
889,792
735,690
985,991
773,809
991,985
473,479
178,133
601,607
223,151
959,992
857,773
96,22
95,14
736,699
901,985
517,601
479,506
261,351
217,223
729,690
351,261
773,857
601,607
857,863
991,946
261,270
985,946
946,985
818,863
223,217
985,901
473,479
89,95
389,495
601,607
857,863
735,690
857,863
857,863
178,217
351,345
901,985
562,607
818,863
50,95
345,306
562,607
434,461
336,306
217,223
607,601
901,946
729,735
479,473
95,89
735,690
562,601
261,351
473,434
217,223
95,50
310,306
345,303
351,345
479,434
735,729
473,491
345,261
601,607
351,261
89,95
207,224
89,50
377,311
389,479
517,585
991,985
991,901
607,562
901,1009
389,457
389,479
89,95
5,15
893,827
133,178
901,985
863,773
601,607
863,818
985,991
1019,1015
857,845
562,626
473,479
351,261
261,329
473,479
479,389
729,735
351,345
502,397
946,985
645,729
217,223
306,351
607,601
532,520
217,223
473,479
223,217
735,729
607,517
473,479
607,601
517,607
607,517
223,178
818,857
901,998
345,351
133,217
818,785
607,601
857,828
901,943
863,773
434,458
607,562
351,261
991,978
473,389
64,13
217,223
473,479
389,435
223,178
991,946
89,95
95,123
17,28
178,223
991,946
5,47
607,627
735,729
946,901
217,223
389,431
5,89
50,89
89,95
261,351
991,946
601,517
735,690
532,520
178,223
95,5
473,479
857,773
857,852
479,473
434,479
690,729
223,133
89,50
607,526
217,178
133,217
773,863
434,473
261,329
562,607
735,690
345,351
645,735
5,95
735,729
223,175
991,985
946,991
133,223
607,601
607,517
389,479
601,607
479,432
729,735
607,601
345,351
857,773
735,690
601,607
89,123
133,217
473,389
818,863
473,392
95,89
113,58
735,654
42,118
729,735
320,324
369,314
42,85
690,729
89,5
178,223
960,904
562,534
351,345
576,595
345,351
95,50
729,690
985,990
89,95
389,473
660,704
89,95
351,345
758,705
345,301
473,434
261,345
223,133
345,261
209,141
351,345
345,306
473,479
729,735
901,985
735,729
681,683
64,126
595,517
946,985
517,607
89,95
607,601
901,909
645,694
818,863
95,89
601,607
601,562
729,763
911,930
89,95
946,901
479,389
345,351
50,95
985,991
991,946
95,89
95,50
145,159
985,991
562,607
857,773
818,864
729,690
517,607
901,973
89,95
991,946
345,351
473,494
95,89
773,863
473,434
345,306
517,607
479,389
389,479
345,306
773,841
985,991
95,89
913,991
261,345
517,516
901,985
729,690
479,473
223,217
434,479
517,562
946,991
729,735
479,398
601,604
645,735
89,50
133,178
434,389
607,517
345,351
241,186
95,50
351,261
351,306
89,29
217,178
473,434
473,479
223,178
985,991
991,946
601,607
985,946
645,735
946,901
991,946
345,351
473,387
479,389
178,133
901,985
351,306
351,261
562,607
601,607
985,901
351,345
601,517
546,607
133,223
473,479
89,95
991,985
863,892
517,607
306,261
645,684
89,5
133,178
306,351
645,687
95,23
857,773
991,919
389,473
601,607
351,306
473,389
479,434
645,735
160,202
607,601
729,645
434,479
389,434
863,857
217,223
261,345
607,562
729,735
351,345
89,23
426,482
991,901
351,306
832,884
50,95
133,131
729,735
729,735
729,690
351,306
345,351
985,991
857,863
879,810
690,735
5,50
133,223
991,946
178,223
607,601
562,601
863,773
223,133
773,818
389,434
434,479
345,351
601,517
95,5
192,211
143,207
50,5
601,562
143,211
773,818
517,611
389,473
645,729
351,345
434,479
645,729
729,645
473,479
901,946
991,985
345,261
601,517
729,735
89,50
345,377
217,223
473,434
133,223
479,434
607,526
217,223
389,434
95,14
89,95
306,351
601,607
818,773
5,50
50,5
818,863
217,223
217,223
985,991
938,947
857,863
377,329
389,473
729,735
217,178
389,494
729,735
479,401
788,881
690,735
345,351
601,562
95,89
601,607
261,345
479,473
89,50
479,473
389,457
178,217
991,985
217,223
991,901
178,133
320,368
352,328
562,517
473,434
729,706
351,345
473,479
946,991
529,567
217,178
377,295
863,857
729,735
261,306
946,985
735,690
434,484
223,217
607,517
306,261
345,351
985,946
351,261
857,863
5,89
690,729
863,857
517,607
818,857
351,279
389,479
434,479
645,729
63,120
645,735
729,718
473,479
223,151
601,517
389,473
901,985
857,773
517,585
261,345
645,735
133,223
261,351
217,133
217,133
351,261
857,818
985,991
351,339
562,536
607,517
95,89
133,178
217,178
479,389
645,735
217,223
818,773
217,223
169,217
217,176
178,223
818,863
562,607
351,286
740,654
985,991
863,857
985,901
773,863
788,889
601,562
690,735
389,479
95,83
857,863
729,735
645,690
133,178
483,509
345,351
857,863
946,905
985,991
351,273
645,729
729,735
50,5
434,473
985,901
351,345
901,991
50,89
217,178
729,735
434,479
645,729
863,857
89,5
857,773
89,5
95,89
50,95
473,479
991,985
217,223
607,601
50,95
729,757
729,735
106,98
863,857
178,223
690,735
434,479
729,645
447,463
946,985
217,223
345,351
601,607
345,351
479,434
217,223
389,431
985,991
345,351
473,479
345,306
223,217
607,517
50,95
389,473
473,479
991,1019
562,517
985,991
729,711
95,89
223,212
50,95
178,227
818,863
95,89
985,927
818,863
857,818
527,595
729,735
479,434
517,607
985,991
601,607
351,349
729,735
985,1012
607,562
223,133
818,857
89,124
985,991
857,863
818,863
389,473
818,863
713,723
50,48
89,95
473,479
389,479
946,901
351,345
863,857
434,407
178,217
217,133
857,822
223,217
479,434
863,857
345,256
473,479
773,857
95,89
479,434
479,473
601,607
985,946
479,389
773,863
223,178
607,517
735,645
985,991
473,434
133,211
217,223
601,619
729,735
261,329
729,735
517,601
5,50
479,473
345,261
901,1011
89,50
133,217
345,261
946,985
857,818
239,170
985,991
261,313
562,607
985,991
601,607
345,341
351,266
831,864
89,95
690,729
690,735
389,479
217,178
89,50
389,434
310,339
818,863
985,1011
863,791
991,985
985,946
95,77
729,746
985,991
50,95
345,306
810,819
261,379
729,690
217,178
217,223
223,251
901,991
345,351
562,517
729,645
645,640
857,773
901,946
178,217
178,223
753,698
911,919
517,562
601,562
601,607
351,306
479,389
773,863
773,863
473,389
389,479
351,261
217,223
818,848
607,529
991,985
818,857
345,351
345,261
479,434
601,517
223,211
217,223
601,607
473,479
389,434
517,607
298,307
863,857
607,601
434,501
351,349
351,352
729,735
223,217
479,434
479,434
729,690
261,351
434,473
735,690
345,351
690,683
89,95
178,223
306,349
517,601
863,818
645,690
95,50
351,261
351,345
773,863
985,991
95,89
735,690
946,991
211,239
607,562
729,735
729,735
261,306
562,601
857,863
434,479
645,735
5,50
901,985
5,50
991,985
261,298
89,96
473,479
345,351
690,657
729,735
985,901
985,991
50,95
389,473
351,335
223,178
985,946
729,705
517,601
901,985
178,217
246,141
479,440
857,863
601,535
517,562
607,562
818,854
95,5
735,729
607,526
601,607
985,916
517,607
223,178
690,729
991,901
133,223
178,217
735,732
729,690
95,50
89,23
306,351
345,261
306,351
946,991
217,145
863,818
434,479
50,95
217,178
601,562
345,351
5,95
773,863
901,985
607,601
517,607
985,901
261,339
901,946
857,863
577,637
863,782
479,434
389,473
261,345
479,473
89,95
351,261
735,729
991,985
773,857
947,979
818,863
89,95
434,473
607,517
773,857
479,389
517,607
89,95
345,306
381,339
607,601
735,729
607,601
345,351
389,434
961,957
50,95
89,95
607,601
985,946
893,810
601,517
178,223
735,729
434,479
95,89
351,345
178,223
901,991
321,339
5,119
479,473
178,223
729,690
345,261
857,818
89,95
517,562
306,351
946,991
645,735
178,223
5,50
5,95
345,351
985,946
479,473
946,991
89,95
133,223
95,89
50,48
690,735
517,562
773,863
479,389
434,389
735,729
946,901
773,863
773,818
5,89
217,223
607,601
473,479
985,946
735,645
562,607
351,261
773,863
389,431
562,607
351,261
95,50
473,480
729,690
562,607
261,274
223,133
473,479
99,77
434,479
178,223
946,901
95,77
607,562
607,517
217,223
95,84
901,991
89,95
479,434
863,818
773,818
473,479
517,562
582,618
857,850
434,479
863,773
261,345
95,50
5,89
607,517
863,782
607,601
735,690
985,901
901,991
729,735
517,607
473,434
50,5
901,991
133,223
818,863
95,50
863,791
345,351
261,351
223,136
351,345
863,857
479,473
645,735
217,223
690,670
389,479
473,479
601,630
351,279
735,690
345,351
819,843
729,735
985,991
729,690
637,592
773,863
89,95
217,133
133,223
985,946
946,991
479,389
773,863
517,579
89,50
345,351
223,178
261,351
901,946
345,351
95,71
818,773
562,517
857,863
473,479
735,729
729,735
178,217
345,351
473,434
729,735
178,223
735,729
5,50
607,517
529,637
345,261
575,601
5,95
479,398
975,901
857,863
690,697
217,223
95,50
863,857
170,179
89,50
345,351
517,607
857,863
857,863
479,389
729,735
645,690
991,946
991,985
857,863
5,4
306,270
991,946
562,601
217,223
447,463
729,690
261,351
818,857
607,609
607,517
95,5
351,366
857,818
517,607
818,857
223,217
562,607
729,690
991,985
178,133
517,562
607,517
89,95
735,705
95,50
217,223
690,735
398,465
607,535
985,946
645,690
946,901
991,985
351,261
223,162
389,449
89,95
690,735
857,818
362,354
502,449
788,776
223,217
89,95
217,133
857,863
178,223
217,131
473,479
818,863
863,818
89,95
863,818
217,223
690,735
227,234
601,562
473,434
729,735
985,946
389,479
5,89
473,479
224,160
729,735
729,690
818,773
345,306
645,729
985,946
5,89
217,223
735,690
729,735
601,607
562,605
937,911
863,773
95,89
690,645
345,351
800,842
991,985
562,607
434,479
985,991
517,601
351,331
832,893
991,946
562,607
1014,909
729,711
509,397
607,562
735,729
985,991
351,261
473,479
5,95
5,95
63,79
399,463
863,782
351,345
473,506
50,95
735,729
448,467
946,991
729,735
964,911
863,857
863,857
818,863
479,389
517,607
607,562
863,848
773,863
562,607
729,735
526,607
601,607
517,601
886,810
89,50
261,351
133,223
601,607
991,985
306,339
473,479
607,562
729,735
645,735
434,479
434,479
434,479
50,95
562,607
517,601
985,991
169,161
645,691
985,991
133,201
95,5
345,351
818,857
345,306
575,632
562,607
863,857
857,773
601,607
217,223
50,95
434,479
607,601
473,479
473,479
645,729
517,562
901,946
991,901
645,735
95,89
196,217
479,473
818,773
345,261
345,351
479,389
947,906
389,502
217,178
306,351
133,223
818,863
89,5
434,479
345,351
991,901
690,766
991,985
985,991
601,607
863,791
351,306
434,473
735,729
5,50
345,351
345,351
281,362
818,857
690,723
985,946
901,991
562,529
5,99
690,729
863,857
89,32
645,728
735,690
351,261
991,946
863,773
863,851
186,205
217,178
946,991
818,773
449,485
991,985
985,991
473,479
979,1002
306,351
729,694
645,735
434,479
95,5
690,735
5,89
655,674
178,223
562,607
351,345
89,95
863,833
447,463
227,241
95,71
991,906
434,479
645,729
178,223
306,351
345,261
345,260
645,729
217,178
89,95
848,818
473,479
607,601
5,95
562,607
690,705
517,562
607,622
178,217
389,479
435,418
729,690
473,479
901,969
178,223
223,217
261,345
729,697
217,223
729,690
223,178
345,351
991,901
479,389
985,991
434,418
345,261
50,95
223,142
562,517
681,729
729,735
297,279
735,729
345,261
306,351
601,512
773,863
607,601
562,607
985,991
645,735
217,178
217,223
991,985
985,901
306,351
261,306
735,729
434,479
985,1011
857,818
50,95
351,345
607,601
479,398
351,306
985,991
95,89
863,773
133,223
261,291
818,863
95,89
818,863
261,351
517,607
5,95
345,351
306,295
261,345
217,223
50,5
785,832
89,95
178,217
89,95
95,5
223,217
89,50
133,178
5,123
562,624
320,339
991,919
985,991
351,345
473,479
223,217
113,116
857,863
106,70
345,351
473,434
729,663
223,133
89,95
645,735
473,479
306,377
607,601
991,985
1014,909
607,526
217,223
5,50
479,473
351,345
857,863
562,545
863,857
818,773
601,607
818,863
351,345
985,991
517,562
818,863
479,473
601,607
345,351
479,473
645,735
985,901
434,479
562,607
985,991
690,735
479,434
729,735
473,384
479,473
645,729
306,351
178,223
306,351
50,95
50,5
991,985
601,607
735,690
473,479
818,863
645,729
863,788
42,111
425,452
735,645
473,434
735,729
863,857
217,223
389,505
773,815
601,607
473,434
389,473
50,95
434,479
223,217
351,301
223,133
690,729
654,721
50,5
985,946
554,563
264,276
645,735
863,857
178,223
345,334
863,818
389,434
901,985
95,50
517,607
863,825
985,901
217,178
773,863
985,991
601,607
217,133
818,863
901,991
690,645
857,863
89,5
729,735
607,601
351,345
133,148
95,50
473,479
985,946
479,434
857,818
690,735
89,50
818,863
95,5
843,773
867,866
946,985
50,22
773,863
517,607
351,270
89,50
479,473
434,438
178,217
690,735
607,601
985,946
863,818
946,991
517,601
345,351
601,607
345,261
479,407
863,773
773,818
901,906
141,235
729,735
345,351
901,991
261,264
566,572
991,946
306,351
818,857
89,95
306,351
645,729
133,201
517,607
95,89
913,927
345,351
729,735
95,89
389,473
809,798
473,389
345,261
217,223
473,479
95,50
985,901
345,351
50,123
857,863
946,991
690,759
389,434
818,863
562,607
345,261
434,389
985,991
1017,916
773,863
95,5
857,818
345,351
690,729
63,96
351,279
607,601
15,34
50,70
497,407
874,866
601,607
223,217
901,991
985,997
5,50
985,946
690,735
517,601
5,89
601,607
985,991
985,989
473,479
50,95
182,216
863,857
729,735
50,35
857,863
601,607
735,690
601,619
5,50
818,863
473,479
657,692
351,345
818,863
217,133
863,857
867,801
729,645
5,50
95,89
389,457
261,345
95,89
690,735
223,217
645,735
306,312
985,991
133,217
985,946
857,863
991,901
351,270
389,473
773,857
261,350
95,89
223,217
351,345
645,715
178,185
729,735
389,473
351,345
473,389
773,818
607,601
306,351
178,223
690,724
863,857
991,985
950,927
217,223
857,849
217,223
345,306
645,690
50,95
434,479
217,196
223,217
946,991
223,217
50,89
608,516
910,977
473,479
345,306
5,89
261,345
306,351
50,95
89,95
5,116
601,607
178,223
735,663
690,647
351,345
857,863
89,95
217,223
389,434
729,735
5,95
217,223
345,306
863,857
562,607
479,389
479,407
217,223
773,863
5,95
527,546
95,30
729,645
133,223
5,95
89,95
863,891
991,985
857,863
217,223
562,607
320,339
89,95
463,467
818,886
607,517
645,735
217,223
89,50
832,793
991,985
863,806
773,857
389,473
863,807
178,223
863,857
473,434
946,991
916,960
261,321
306,351
95,89
89,5
946,985
864,892
345,351
991,985
389,461
747,653
607,601
729,698
607,601
434,479
479,473
5,89
50,77
389,431
276,320
95,89
645,735
729,735
517,607
89,95
857,863
735,690
901,985
479,407
857,863
217,152
89,5
863,857
517,601
5,47
345,351
178,223
985,991
389,473
601,575
223,178
946,991
345,261
857,863
857,818
479,434
89,95
351,306
89,50
985,991
836,783
63,96
985,946
607,517
5,89
783,802
985,991
89,50
773,841
863,818
95,5
946,991
223,133
89,95
985,946
217,178
473,479
601,517
473,479
601,562
517,601
479,389
970,996
985,1015
645,729
479,473
601,607
306,351
991,901
479,389
217,223
89,95
261,345
89,5
217,223
857,863
946,940
607,562
5,89
389,434
863,773
991,901
729,735
261,274
50,95
223,217
479,389
217,223
452,399
345,351
261,306
985,991
690,645
946,985
690,735
89,5
773,863
985,946
306,351
95,89
517,601
261,303
133,178
178,217
690,645
351,345
223,133
857,773
217,223
223,217
985,901
863,857
473,479
250,178
991,916
736,694
217,178
818,863
434,440
735,690
985,991
985,991
479,473
729,735
223,133
217,178
223,217
985,991
562,607
607,526
306,345
763,759
901,991
89,50
857,888
607,517
89,95
95,50
473,389
178,223
306,351
223,178
95,23
473,387
601,607
607,601
601,607
479,434
985,901
818,863
901,991
758,653
901,985
607,517
223,142
729,690
479,473
261,369
517,562
217,223
562,601
729,694
863,818
133,217
95,89
513,608
991,985
607,621
690,735
818,773
682,691
217,178
607,601
261,351
307,338
248,191
735,729
985,991
434,479
773,885
306,351
607,601
601,607
815,788
345,306
133,175
5,89
178,223
217,133
178,217
690,735
261,306
389,479
479,473
857,818
133,178
562,601
95,14
881,826
223,133
985,946
473,389
857,863
863,857
89,5
739,705
381,290
776,862
857,863
985,991
473,479
690,735
306,351
601,562
682,751
690,735
473,479
517,562
946,985
50,5
517,585
562,607
434,479
729,735
389,434
377,356
345,351
434,406
857,863
562,607
89,95
89,83
773,863
601,568
601,607
937,964
178,223
959,975
735,729
434,473
863,782
601,607
306,351
857,863
991,901
562,607
729,735
985,946
985,991
223,217
217,223
434,479
50,95
857,818
601,607
178,133
479,473
690,735
992,1023
773,863
345,264
434,432
773,863
217,178
991,985
345,351
517,607
818,857
473,389
133,217
729,735
89,95
351,261
224,170
735,758
601,607
100,119
261,351
345,306
946,991
133,223
735,690
863,857
991,985
901,943
857,863
5,54
133,223
857,863
217,133
946,901
261,327
351,345
473,397
473,479
690,735
389,434
910,977
133,223
50,95
735,729
434,473
729,645
306,345
863,857
601,607
773,857
645,735
345,306
89,5
68,15
601,611
389,479
735,645
473,479
863,857
645,729
89,95
351,261
886,810
901,946
50,95
607,526
351,349
601,607
95,89
818,857
50,88
261,351
389,479
857,863
991,946
473,479
389,434
345,261
575,632
773,863
50,95
735,729
607,601
729,695
735,729
773,863
946,991
601,517
5,50
125,57
765,675
345,351
901,991
991,985
89,95
473,479
863,773
178,223
607,601
735,729
217,171
985,991
946,991
95,51
473,479
857,863
50,77
473,479
729,735
389,434
562,607
479,434
818,863
89,14
562,607
261,270
857,863
223,207
133,178
345,306
447,504
345,306
479,473
89,95
735,729
178,223
857,863
345,351
928,901
946,979
217,178
901,991
261,351
484,503
479,464
50,74
729,735
345,351
473,434
607,601
863,851
297,271
192,211
89,50
473,479
729,735
479,473
351,261
782,822
601,607
89,5
863,857
479,434
345,351
901,991
517,554
735,645
901,991
690,735
50,89
345,351
729,735
261,329
735,690
901,985
607,601
991,901
863,773
306,351
607,601
729,735
946,901
601,607
306,351
351,345
89,8
89,92
960,1003
351,345
611,525
857,863
351,345
178,217
985,991
991,919
261,351
389,473
133,178
479,434
601,607
50,95
991,985
857,863
95,89
261,307
479,434
645,690
345,351
223,203
389,479
345,351
901,925
133,167
818,863
946,991
178,243
306,351
50,89
991,946
946,991
729,735
389,432
95,18
345,351
89,95
50,5
601,562
306,296
133,217
133,223
729,666
645,729
133,178
735,729
863,890
946,991
223,217
345,306
985,991
601,607
735,690
645,690
306,261
143,162
863,818
306,261
901,991
89,95
191,224
95,52
351,261
95,89
991,985
991,946
5,95
89,66
690,751
562,607
985,991
946,901
517,607
818,776
773,863
169,170
178,191
95,5
479,434
985,991
5,95
863,818
601,562
363,269
773,857
306,351
991,985
863,857
735,645
389,434
607,595
473,434
389,434
306,351
434,389
901,943
863,818
345,351
223,217
217,223
133,223
306,261
607,601
95,5
818,863
345,306
645,735
389,479
601,607
473,479
143,211
562,601
143,211
985,1019
607,562
818,773
818,773
217,136
729,735
901,991
946,991
306,341
562,607
133,223
95,0
389,479
89,95
389,434
735,729
901,995
773,857
5,50
867,822
729,756
306,261
690,735
125,95
434,479
690,735
223,133
985,991
607,601
351,306
863,857
217,178
89,5
946,991
607,517
473,479
178,223
773,857
473,402
601,607
863,773
950,994
261,351
857,863
601,607
345,351
785,828
901,991
217,223
773,835
857,863
773,863
985,946
729,645
601,517
991,914
857,863
217,223
863,818
735,645
345,306
735,663
990,960
473,479
729,735
89,95
601,607
690,735
601,607
517,607
345,351
729,735
901,946
479,398
562,601
473,445
273,351
517,607
345,351
857,810
822,773
399,418
351,345
89,95
345,351
434,389
50,95
991,946
306,351
901,991
143,211
562,517
306,261
217,133
473,479
89,10
5,95
729,735
217,223
5,89
517,559
89,93
818,863
351,345
217,223
502,449
345,351
729,640
818,863
345,261
261,347
178,133
735,645
985,946
601,607
607,601
985,946
95,89
857,863
5,95
562,561
985,991
479,473
89,5
607,517
89,95
50,95
729,735
473,479
517,607
50,95
89,50
473,479
95,50
607,517
306,273
89,50
985,991
473,434
178,223
133,201
324,271
389,414
729,645
389,387
89,95
133,217
901,991
946,991
50,95
261,351
773,891
95,89
479,473
434,469
178,223
306,351
985,991
94,48
863,857
818,857
89,95
223,217
773,857
306,261
964,901
133,178
773,857
857,884
601,607
345,306
985,991
473,434
473,479
306,351
306,303
562,607
729,697
178,182
607,519
773,857
901,987
306,345
389,434
562,517
645,690
5,95
389,479
901,1009
606,601
946,996
50,95
223,178
773,863
50,5
89,95
607,553
735,663
735,645
479,473
857,863
735,729
345,351
607,601
857,818
985,901
89,50
857,851
473,479
389,434
690,659
729,735
985,991
954,975
857,818
857,863
473,479
5,95
985,946
351,261
909,1003
735,645
857,863
863,818
607,517
223,217
434,389
991,901
509,489
306,261
863,791
95,89
95,50
178,202
345,351
729,735
392,403
133,138
946,991
401,469
729,690
133,217
133,223
473,479
351,345
946,901
473,479
991,985
434,479
99,83
729,735
901,989
473,479
857,863
985,901
985,991
562,607
601,562
345,351
729,735
389,473
306,351
345,261
434,473
645,735
473,479
562,607
577,585
818,863
261,306
74,100
223,217
89,95
735,729
306,351
818,857
991,919
223,217
434,479
351,306
863,818
735,729
857,771
735,690
479,434
735,690
217,223
601,607
50,5
818,863
261,345
42,81
473,479
991,910
735,729
434,389
261,345
517,601
735,729
95,50
607,535
645,735
217,178
863,857
351,345
851,867
857,818
601,607
223,178
434,473
601,562
946,972
863,857
735,729
735,716
857,863
178,133
345,306
217,170
89,95
95,5
261,345
901,985
223,142
729,690
345,306
89,36
319,376
50,95
95,74
178,136
946,985
178,223
901,991
479,398
297,354
946,991
389,457
729,735
5,73
863,857
351,345
985,991
901,985
562,607
818,863
50,89
818,863
729,645
351,281
5,18
434,427
345,306
729,690
857,818
818,863
857,773
223,133
389,473
562,607
946,991
89,95
645,735
532,520
50,5
773,863
857,798
645,713
857,818
223,133
178,193
223,217
306,303
735,729
178,217
95,89
838,810
223,178
601,517
95,89
151,223
133,211
306,351
562,607
773,818
946,991
479,473
345,351
178,223
351,261
196,143
735,690
761,679
351,261
645,687
562,633
479,473
818,857
345,306
217,223
389,431
857,863
645,729
389,473
901,985
690,729
217,223
449,476
442,497
345,351
735,729
601,607
517,559
473,389
985,946
863,857
729,645
818,788
863,857
89,95
645,735
217,223
735,645
735,645
50,89
133,217
178,223
178,167
863,773
901,985
178,217
690,735
607,562
690,729
946,991
479,434
690,687
832,811
479,473
5,50
553,582
95,50
607,517
95,89
479,473
434,479
773,857
857,863
576,595
818,857
351,306
217,178
517,607
389,434
863,818
389,475
857,773
735,729
306,261
389,479
351,345
178,223
217,223
345,351
434,389
857,863
946,991
5,7
148,136
946,966
818,863
223,217
434,479
95,89
818,824
479,473
133,160
479,473
261,306
223,217
773,863
95,50
95,5
217,223
901,960
946,901
351,345
89,77
95,89
729,718
985,991
89,93
563,583
261,351
5,95
901,991
89,95
729,735
345,351
759,763
690,699
901,946
857,863
985,991
345,351
345,351
95,50
89,95
729,735
473,479
5,50
562,517
601,562
473,479
479,434
217,223
133,217
868,887
434,479
645,735
520,606
977,938
991,946
133,223
818,773
247,251
729,735
562,517
985,991
178,133
473,507
178,133
95,5
473,479
50,5
479,473
901,969
345,306
601,559
345,306
901,985
473,479
345,365
517,562
863,818
306,265
645,729
479,473
306,317
89,50
517,562
261,345
178,213
50,95
178,223
773,818
985,991
17,44
133,178
985,991
517,537
178,217
562,607
223,217
178,223
857,863
47,5
434,389
389,479
178,223
473,389
690,729
607,601
89,95
345,351
690,729
217,178
991,910
479,431
601,607
479,389
473,479
1019,1015
50,95
271,339
351,345
633,532
95,89
133,178
562,517
946,991
645,729
729,735
735,643
691,756
729,735
863,877
223,217
50,95
95,5
863,818
473,479
735,645
645,735
345,285
345,351
818,863
729,735
818,857
773,863
345,351
645,735
223,133
857,863
773,863
261,345
991,985
479,429
857,773
735,690
223,133
133,223
89,95
217,223
946,991
857,863
607,517
223,244
89,113
389,479
100,14
223,217
562,607
306,298
901,946
389,479
479,473
729,735
95,89
345,306
729,735
89,107
50,95
818,773
735,729
89,62
607,535
479,473
133,178
601,635
985,991
95,50
133,223
89,95
89,50
133,209
217,223
645,735
307,298
901,991
95,89
89,95
473,426
223,217
785,783
946,914
991,946
95,50
261,306
607,526
133,178
217,178
710,682
517,607
690,735
89,95
438,493
345,351
306,351
857,773
345,351
601,607
178,217
863,857
217,178
483,465
50,58
729,735
601,607
946,991
562,601
434,479
306,345
5,89
607,562
901,991
950,898
857,863
261,351
818,857
682,691
729,735
377,311
991,985
690,645
389,457
217,178
473,479
178,223
601,517
991,901
479,398
306,351
345,298
729,690
34,65
352,336
351,261
601,607
261,351
95,89
818,844
901,946
95,5
735,690
645,729
389,473
985,946
434,479
345,306
89,95
473,434
345,313
389,479
217,133
601,526
473,434
223,217
916,960
857,863
479,473
223,178
192,216
145,210
143,162
773,863
773,863
351,261
729,693
562,601
50,5
217,223
217,133
351,345
473,434
991,985
576,595
690,735
89,95
901,985
345,351
223,178
946,991
351,306
473,479
345,351
607,517
50,5
773,863
5,89
735,715
306,351
178,223
374,298
729,690
691,752
901,991
946,985
261,303
479,473
89,95
89,95
217,223
89,95
133,175
223,178
94,20
473,389
607,601
217,251
95,50
818,863
985,901
133,207
473,479
434,473
479,473
818,773
306,345
217,223
946,901
217,223
985,991
857,863
223,217
694,684
389,473
863,857
601,607
773,863
389,400
5,95
399,418
818,773
89,95
607,601
178,223
985,910
517,585
863,773
473,389
479,434
645,729
217,223
985,946
89,95
345,351
223,142
306,351
473,479
818,863
261,306
223,217
645,729
345,306
601,607
95,50
729,735
50,95
562,568
601,562
773,863
345,313
729,735
729,735
946,901
735,729
517,562
95,50
345,351
991,985
223,209
345,306
5,95
517,562
217,178
217,178
435,440
985,946
735,690
729,735
985,991
473,479
517,601
217,223
607,562
773,818
50,5
863,818
473,434
306,351
223,217
95,5
729,735
306,345
507,509
266,351
857,863
946,991
863,878
351,306
985,946
223,133
178,217
133,178
217,223
886,810
223,217
178,223
223,142
345,306
178,217
389,473
473,434
351,345
735,690
389,434
901,991
479,473
89,50
607,517
261,306
473,479
601,607
607,541
95,89
985,991
601,562
191,224
562,520
729,690
5,47
729,735
434,479
729,645
985,991
901,943
178,223
89,79
735,729
217,133
729,735
645,694
89,95
562,607
863,815
95,50
355,372
863,895
217,223
89,95
339,362
473,479
389,434
224,143
985,991
857,863
991,985
690,726
985,946
863,857
735,729
645,690
637,623
217,223
985,991
434,499
217,223
729,735
345,351
562,601
857,863
645,763
217,223
901,991
729,767
345,363
601,607
434,445
217,178
601,562
901,991
261,306
473,510
607,562
893,875
95,50
434,479
729,735
434,479
601,613
306,351
1017,916
351,279
217,223
345,306
857,863
479,389
553,535
517,607
351,306
991,985
133,178
690,729
434,479
261,306
729,645
690,735
985,991
306,345
729,735
50,95
857,863
345,351
217,223
351,306
473,479
690,735
351,261
818,863
517,630
99,76
89,23
217,178
223,217
985,991
217,178
735,669
217,223
473,479
601,562
133,217
729,645
89,95
735,733
863,857
562,607
607,601
89,5
351,345
473,479
729,690
690,735
735,645
637,532
735,729
502,449
729,690
160,186
306,351
642,735
223,217
773,870
473,479
991,946
5,95
645,687
601,607
517,601
601,613
607,601
601,612
729,735
389,473
50,89
729,735
818,863
690,735
261,345
151,178
434,473
991,919
601,562
345,351
133,217
479,398
645,735
991,901
991,985
703,760
0,95
690,735
985,991
306,351
735,729
95,14
434,488
607,627
517,562
89,73
562,607
50,47
51,121
434,479
89,95
345,306
735,690
991,985
178,223
645,687
985,951
645,735
729,735
729,735
5,95
434,479
389,461
601,614
389,479
818,857
690,735
985,991
607,635
735,663
434,479
133,178
735,663
660,704
946,913
479,434
473,479
863,773
946,991
607,601
89,95
133,227
946,985
473,479
389,479
50,95
345,355
223,133
729,690
901,991
818,773
645,729
735,729
985,946
909,977
442,497
985,991
946,991
901,946
389,479
473,479
345,306
178,223
178,136
479,434
473,479
434,479
985,991
863,857
276,377
478,480
991,994
473,479
351,261
95,50
690,753
601,562
345,306
857,773
50,95
5,89
223,178
985,946
729,735
217,223
946,1023
601,562
95,50
901,946
217,179
863,857
562,561
863,785
217,223
217,223
901,985
517,585
5,89
985,1005
261,345
857,818
773,863
89,95
991,901
217,223
89,50
389,431
607,535
223,178
473,434
773,857
217,133
479,389
985,991
863,818
217,168
946,985
389,452
601,562
434,479
857,773
562,601
95,8
5,89
985,991
991,1019
857,863
867,884
307,287
89,50
601,517
89,50
178,223
729,735
89,50
517,562
818,863
773,818
351,261
991,946
345,260
985,900
351,345
50,95
479,473
607,517
761,660
991,935
985,901
991,946
89,5
217,223
217,223
473,479
479,461
50,5
351,261
735,645
863,791
985,991
946,991
345,351
434,509
690,692
729,735
95,5
351,345
191,248
351,306
630,577
857,818
985,946
606,555
479,473
345,351
901,943
901,969
473,384
351,306
857,773
562,572
20,64
5,73
389,457
580,527
89,95
50,95
306,345
517,601
863,857
89,5
773,857
434,479
389,479
473,479
818,857
363,269
320,353
517,601
351,295
133,241
991,985
601,607
863,857
133,223
5,95
946,991
562,601
133,198
607,562
562,607
345,306
729,735
5,95
345,351
690,729
261,351
857,863
217,223
735,690
178,223
991,901
89,50
133,223
89,95
946,991
863,857
351,345
479,473
729,735
261,303
479,473
497,458
857,863
985,946
473,479
901,946
306,351
89,95
991,985
261,307
690,682
863,797
601,639
863,857
89,106
857,863
729,690
729,735
473,479
223,156
261,345
645,735
89,5
95,89
217,223
735,690
306,351
601,517
351,349
473,479
601,607
729,735
479,389
946,913
223,178
690,735
89,95
306,351
601,569
217,202
261,306
89,95
473,479
351,303
985,901
729,735
863,818
5,18
5,89
690,735
818,863
95,89
50,95
351,306
735,729
818,773
562,517
735,729
345,351
50,2
607,601
389,483
345,351
351,261
773,863
607,601
306,351
191,224
389,431
345,351
217,178
867,816
133,217
89,95
601,607
345,306
95,23
178,133
217,133
89,95
735,729
345,351
345,351
306,351
50,99
1003,909
607,562
601,621
690,735
261,351
479,473
991,985
434,479
645,729
223,178
351,261
389,473
970,996
95,5
985,946
901,969
434,479
735,645
985,946
298,307
223,133
729,690
875,888
735,690
985,991
857,863
901,985
635,631
735,690
857,863
601,628
178,223
473,434
89,105
991,946
729,735
351,261
857,863
321,269
645,719
690,650
985,991
660,704
601,607
217,223
351,306
337,320
529,590
345,339
389,457
959,992
517,601
985,991
5,89
991,985
660,704
690,645
607,614
178,250
217,151
645,729
729,735
729,735
217,223
479,434
991,901
288,330
517,601
901,991
562,601
335,352
479,473
306,351
708,655
479,473
473,434
645,729
654,721
735,729
607,562
217,223
818,857
95,50
345,351
50,95
95,89
690,697
857,863
217,223
985,980
863,773
345,351
89,95
818,863
178,213
735,645
217,178
178,223
261,351
345,261
818,863
690,645
473,479
607,601
532,520
223,217
601,517
736,646
601,630
351,261
985,971
217,223
479,473
562,607
735,690
5,50
345,351
690,729
473,479
5,89
345,306
184,133
89,95
991,946
50,95
479,389
901,985
607,535
991,919
351,306
178,223
345,306
729,650
601,517
607,562
434,479
351,345
223,217
133,223
863,857
960,1010
985,991
178,133
857,863
133,223
690,735
133,178
863,857
857,863
645,690
306,351
985,991
217,225
217,223
133,178
690,645
818,863
89,95
50,95
473,479
532,576
773,863
690,729
611,576
89,95
351,306
601,562
473,389
345,306
320,319
473,389
857,863
645,729
901,985
345,351
773,815
985,910
562,577
818,773
345,351
517,607
645,735
217,223
479,434
818,863
857,863
89,95
178,255
351,345
691,720
351,345
601,607
991,961
645,735
857,863
735,645
261,329
562,607
991,985
50,95
517,601
901,946
261,351
857,863
352,295
351,345
217,223
607,526
50,95
938,947
223,151
857,863
491,397
5,99
401,505
773,818
345,351
133,201
985,927
389,479
985,901
50,46
959,1016
95,50
217,178
434,479
601,607
690,735
901,985
434,389
473,434
991,985
434,479
217,133
50,28
601,563
345,351
89,116
133,253
773,863
857,818
89,5
89,95
345,351
857,863
985,991
601,607
223,133
985,946
351,279
223,217
735,729
985,991
601,607
901,985
857,863
217,193
690,729
991,946
473,434
562,607
389,473
95,50
913,926
723,719
946,901
261,351
389,394
351,357
901,991
223,217
818,863
735,753
607,526
818,863
601,607
991,919
729,690
729,735
729,735
306,351
351,345
389,434
773,857
89,50
857,773
985,991
517,575
735,729
606,612
645,690
306,345
569,633
473,479
95,31
863,773
306,261
601,607
401,384
217,178
735,645
857,863
479,434
50,95
773,863
178,133
133,217
95,5
947,937
729,735
1003,909
89,95
351,306
178,223
223,133
729,652
601,607
729,735
473,434
95,5
946,991
818,769
690,669
729,735
389,431
818,883
562,607
223,241
690,657
96,81
89,50
89,50
345,261
249,138
261,351
857,818
178,223
690,733
735,729
95,50
601,577
95,89
479,473
857,863
479,434
601,562
89,95
729,735
507,509
261,345
857,773
261,329
735,645
645,729
818,857
601,517
261,351
607,526
434,479
306,351
601,607
607,535
690,752
345,261
601,607
517,607
607,562
773,818
473,389
178,146
351,261
133,217
473,434
729,735
89,95
473,479
781,832
5,95
133,182
773,818
217,223
223,217
389,397
601,607
345,301
345,351
89,95
89,95
434,479
991,946
857,863
985,974
473,479
562,607
479,483
223,178
694,690
324,271
345,306
773,863
389,479
857,818
169,196
473,479
517,601
452,399
5,73
223,217
946,901
438,425
818,857
473,479
50,54
773,863
89,95
95,79
306,351
773,863
901,946
223,244
89,50
306,383
562,607
178,223
645,735
773,857
261,351
345,261
735,729
901,985
473,434
690,735
50,89
89,50
227,192
985,901
479,473
645,735
601,607
818,789
5,89
434,401
351,306
133,223
239,198
991,985
946,985
324,271
857,863
735,729
89,95
345,351
645,735
607,601
345,351
562,517
217,178
735,690
773,857
607,583
601,517
857,863
760,682
645,735
345,351
351,345
517,607
729,735
729,735
991,985
863,810
345,261
863,818
901,991
217,223
735,645
946,991
985,946
479,434
473,479
217,223
217,223
133,201
645,735
223,178
991,901
690,729
99,17
50,95
863,818
863,791
517,562
735,690
95,89
901,991
735,729
89,50
818,810
217,178
133,223
1017,899
351,306
562,563
645,690
50,95
95,89
5,95
992,975
133,211
351,345
89,95
985,991
857,863
735,729
389,479
89,95
217,223
89,95
345,351
479,434
863,818
735,690
991,946
735,690
345,306
351,279
601,517
473,389
946,991
261,286
95,14
178,193
89,95
89,50
601,607
562,545
306,345
946,985
480,509
89,50
562,545
857,861
645,733
601,517
133,217
991,946
946,985
901,985
133,175
818,815
645,735
645,729
991,985
473,479
479,389
985,946
351,345
818,863
479,389
729,735
389,404
223,217
645,735
223,217
345,303
735,645
985,946
261,351
735,645
601,607
863,831
479,434
645,735
389,473
607,601
607,601
735,732
562,570
863,857
479,389
51,80
217,133
133,178
863,791
607,601
473,479
50,89
645,719
607,517
389,431
178,133
351,306
479,389
773,818
863,818
434,479
345,351
863,778
351,261
50,95
991,985
818,857
946,991
645,690
729,645
50,89
389,479
473,479
729,735
985,946
601,607
345,261
773,857
345,351
690,739
818,863
991,901
345,351
735,729
261,351
607,517
863,791
95,50
735,645
133,223
351,261
645,735
857,863
50,53
345,306
863,798
818,773
863,818
863,818
50,89
1021,991
261,351
133,223
601,517
601,517
704,713
735,729
178,248
690,645
434,473
95,14
434,479
95,50
389,473
306,345
352,331
89,26
89,5
901,991
5,95
473,434
345,351
473,500
863,782
148,192
95,5
217,223
857,863
133,223
389,434
946,985
95,89
916,960
89,95
601,607
729,690
217,223
217,133
351,345
473,389
729,763
345,351
50,95
95,89
95,5
95,5
863,857
50,89
729,735
345,306
217,223
991,946
261,351
991,985
601,560
223,133
95,26
95,23
351,261
601,607
345,351
773,857
818,833
601,607
822,851
562,618
89,50
50,89
857,863
351,261
89,95
223,151
89,95
178,217
729,735
389,479
223,142
64,8
862,790
601,562
781,857
985,1011
601,517
389,497
729,690
95,5
5,89
217,223
5,95
479,473
818,863
261,351
95,89
729,641
473,414
517,607
223,142
773,800
729,735
351,335
89,5
50,95
562,517
345,261
351,306
261,351
345,351
601,607
473,479
909,977
133,154
89,95
857,818
985,991
269,363
607,517
601,607
50,89
351,306
991,985
690,735
217,223
95,89
133,217
479,473
95,50
857,863
484,398
169,133
601,607
217,133
607,562
857,773
473,479
479,389
946,985
345,351
690,729
192,141
473,479
735,729
178,223
863,857
178,223
89,95
41,15
261,306
223,133
517,607
389,434
339,335
95,5
89,95
217,223
223,178
5,89
178,148
985,946
857,773
901,946
223,151
125,59
345,261
473,479
773,857
217,223
735,729
473,479
217,133
729,735
50,95
729,690
690,735
434,479
479,389
345,337
729,645
822,800
773,863
434,479
5,73
217,223
857,773
517,559
89,5
863,773
818,773
95,50
261,306
985,991
517,601
601,607
607,517
261,306
857,863
502,495
473,479
217,199
261,292
389,473
562,517
901,950
351,279
517,585
901,946
601,517
909,1003
473,479
901,896
857,863
479,473
901,946
863,782
729,735
217,223
946,991
863,818
729,690
473,434
5,95
227,243
857,863
306,351
857,773
345,306
985,960
729,735
306,345
985,901
345,261
985,991
863,857
991,985
773,818
625,570
607,535
389,493
434,429
223,217
89,95
389,479
607,562
985,901
985,901
5,89
601,607
857,863
345,329
857,863
645,729
991,989
223,178
863,773
729,735
863,818
389,479
735,729
591,595
857,773
863,818
690,645
863,773
729,735
479,434
690,735
95,89
217,178
351,261
562,601
479,473
690,657
434,479
992,969
818,863
601,517
217,223
857,863
863,818
217,223
223,217
479,434
826,881
690,735
991,946
562,607
306,351
901,972
946,901
133,217
133,223
818,823
178,223
985,901
351,345
729,735
601,578
831,888
822,848
473,479
217,223
217,223
857,818
178,223
607,601
178,223
601,607
645,729
473,479
223,217
351,345
961,954
735,690
818,863
217,133
223,133
306,351
645,738
818,863
517,601
217,250
818,863
473,479
217,223
562,607
473,479
607,517
261,345
946,901
89,95
223,178
863,768
95,83
345,351
729,735
562,601
261,351
690,735
95,89
307,267
345,306
857,863
773,857
209,170
857,863
50,5
479,473
5,49
351,345
607,601
217,223
434,479
863,818
645,668
89,5
223,142
607,601
473,479
645,690
345,351
261,351
306,351
901,969
729,690
991,901
389,479
95,5
991,985
351,345
217,223
217,223
773,815
991,985
842,868
217,223
857,818
479,473
473,479
217,133
479,473
17,46
857,863
261,345
473,434
607,517
5,89
863,769
985,991
735,729
95,89
985,991
89,5
735,690
479,489
5,95
901,946
89,95
946,991
857,863
223,178
217,223
735,729
306,351
5,50
735,645
901,946
601,517
818,863
389,479
735,690
601,607
690,643
133,223
857,818
601,562
95,5
773,818
345,306
50,95
690,723
857,863
765,685
562,607
261,345
863,857
404,505
729,756
645,690
133,217
863,786
351,261
352,338
735,645
863,885
389,479
89,95
863,843
89,50
690,645
818,863
863,857
857,863
217,178
863,818
863,818
690,735
773,863
95,79
857,818
434,389
50,5
607,601
306,351
352,295
306,351
818,773
473,479
345,351
345,339
901,946
601,521
5,95
95,89
863,857
607,621
345,351
217,223
95,89
484,503
306,351
773,818
217,178
50,5
601,607
389,431
960,979
434,479
863,857
473,479
773,818
818,863
985,991
601,562
50,5
217,178
857,863
946,901
345,261
562,607
351,306
479,407
985,946
89,95
389,431
946,991
479,407
991,919
95,50
306,345
985,991
50,89
217,223
17,52
133,223
223,191
729,764
306,280
995,1007
991,985
863,770
261,345
133,223
729,735
607,562
901,991
473,479
307,256
985,991
735,729
95,50
89,95
479,473
690,729
434,479
901,943
517,607
857,818
95,5
857,863
223,178
345,306
351,379
607,535
261,266
901,990
211,234
479,389
773,863
690,729
991,985
562,601
345,329
517,601
438,434
985,991
690,729
389,392
473,389
690,645
946,991
645,715
911,979
345,335
95,89
178,223
178,223
601,607
562,604
985,991
991,985
863,818
826,881
601,517
223,178
345,351
729,735
217,178
95,50
479,455
645,688
5,95
178,223
690,735
562,607
217,223
645,650
95,50
857,863
178,217
217,223
729,735
217,223
901,985
857,863
809,783
479,473
5,95
735,690
273,361
607,601
857,863
991,985
351,261
657,643
645,713
690,735
479,434
985,946
223,217
517,607
645,735
389,479
773,857
991,901
95,5
306,351
434,389
735,764
601,607
946,1012
901,985
261,351
991,946
89,95
601,607
133,223
473,479
479,389
690,735
217,223
54,45
857,863
345,351
479,434
223,217
607,517
345,351
985,991
867,873
345,306
863,796
735,729
479,473
735,690
735,729
345,351
89,95
893,838
729,735
345,379
261,351
95,5
223,178
306,351
645,723
479,398
217,178
562,607
473,479
991,985
345,351
773,863
345,306
562,607
95,89
389,473
901,991
857,773
690,701
729,735
217,133
901,985
223,217
399,418
50,95
645,735
901,946
901,946
991,981
5,95
217,133
217,133
857,773
479,473
818,863
89,50
901,946
178,223
178,223
857,851
479,473
479,473
345,351
946,991
223,153
226,179
178,223
985,991
89,95
601,514
345,351
562,601
89,95
946,952
863,857
601,607
735,690
893,798
601,562
261,303
601,607
946,991
735,658
517,607
142,209
645,735
133,217
517,562
607,562
863,773
178,223
351,345
15,34
517,607
89,50
735,663
901,985
479,434
857,848
95,89
985,991
863,818
601,517
729,690
89,95
178,223
133,223
529,603
351,345
946,991
863,773
5,89
50,95
735,690
351,261
306,351
133,217
863,840
601,607
645,735
985,991
645,690
434,479
479,389
253,187
863,818
217,223
773,857
217,210
985,991
985,901
273,335
601,607
863,773
351,306
901,1014
773,863
601,607
5,95
985,946
863,861
389,434
818,863
991,973
607,601
517,607
478,432
690,735
663,729
89,95
863,818
919,991
5,89
473,479
985,991
601,607
176,133
223,133
5,50
901,991
479,434
217,223
434,387
50,5
217,223
959,1016
306,351
351,279
178,223
985,896
89,95
89,95
95,14
473,389
50,95
351,345
863,857
991,901
991,901
479,473
345,351
991,910
95,50
89,95
217,223
985,991
773,863
223,217
133,217
389,473
960,985
473,441
818,893
773,863
562,601
601,517
345,379
479,434
729,690
601,607
89,95
601,607
351,345
345,306
857,863
607,601
607,601
601,607
473,479
607,562
863,857
985,991
601,562
985,946
562,607
607,517
863,857
345,342
863,857
901,985
735,645
5,17
192,247
985,946
735,645
5,95
921,979
5,95
473,479
479,414
351,345
690,729
729,735
473,479
607,532
773,857
991,901
261,351
607,601
863,791
434,479
735,690
223,133
562,579
773,857
54,86
601,607
473,479
5,73
306,345
690,644
389,479
645,729
133,223
223,133
389,479
178,133
991,901
729,690
473,434
857,818
773,863
881,826
818,857
946,1016
985,946
223,217
729,645
217,223
601,607
223,133
261,351
89,95
729,690
178,145
773,863
946,985
773,863
607,562
89,95
857,863
479,473
863,857
345,306
95,89
690,735
133,217
351,270
223,178
306,345
178,133
729,735
946,985
5,102
517,562
223,133
473,435
261,351
434,389
178,227
985,901
89,95
473,389
690,737
857,863
5,89
223,217
818,791
89,95
133,217
773,815
985,1019
690,735
479,422
735,729
217,223
607,601
517,570
735,663
857,818
434,479
50,95
857,863
857,863
509,386
223,133
601,607
818,857
261,345
89,95
735,645
735,729
89,95
729,735
607,595
946,991
50,95
818,863
517,607
607,601
306,261
95,76
50,95
89,50
473,452
991,1014
473,479
607,601
5,95
5,95
345,351
857,863
645,713
261,306
89,95
89,50
985,946
217,133
479,473
223,217
735,690
645,735
607,562
985,991
401,509
991,943
479,434
607,550
735,690
345,306
345,261
857,863
377,342
690,658
351,345
217,223
645,735
306,315
89,5
306,351
985,991
901,946
857,863
901,985
89,5
217,178
818,773
89,5
345,351
729,645
607,601
261,351
50,95
178,163
857,818
863,857
479,389
207,203
985,991
729,690
690,735
729,735
857,773
901,969
633,561
818,875
773,818
985,946
601,607
964,911
863,773
601,562
178,217
306,351
991,946
178,223
345,351
601,562
857,818
89,95
863,857
95,89
601,621
345,351
645,735
946,970
690,735
306,355
601,607
729,645
857,863
729,735
50,5
50,94
345,351
729,690
89,95
509,479
217,223
601,607
345,351
306,272
729,735
601,517
729,690
985,991
991,919
345,261
345,351
95,89
95,89
785,838
901,943
773,818
5,95
223,217
306,351
735,690
133,175
562,607
133,223
729,735
473,446
389,479
5,89
95,50
985,969
607,605
473,389
473,434
517,562
133,223
946,985
203,217
89,95
5,50
729,735
729,645
345,261
975,991
735,739
223,151
517,524
863,791
345,351
773,886
473,479
517,607
479,473
345,257
735,729
863,818
306,345
773,857
601,607
133,156
217,223
857,773
946,991
964,937
863,831
660,648
901,991
773,815
89,95
946,991
863,818
389,418
178,223
434,479
773,818
5,89
351,261
95,50
5,89
89,95
857,773
729,645
345,306
89,50
946,991
729,735
434,389
857,863
857,773
985,991
5,95
389,479
217,223
818,857
95,50
785,848
690,645
863,797
863,773
351,345
95,23
89,5
985,901
351,345
645,729
729,690
735,723
351,306
729,690
729,715
901,985
178,217
178,223
857,773
473,447
50,95
389,479
886,810
473,479
153,234
95,50
985,946
223,217
434,389
178,223
223,217
479,389
601,607
946,991
601,517
1003,909
729,735
478,499
517,607
901,991
447,480
479,473
95,5
562,587
818,857
601,607
133,223
89,5
351,306
601,607
773,841
985,991
729,735
306,261
517,601
729,645
818,857
645,735
601,607
473,479
985,946
479,473
601,607
517,607
345,351
261,345
601,607
645,690
607,601
95,4
223,196
89,95
818,857
818,773
89,95
5,74
857,863
645,719
314,369
345,306
863,857
857,863
562,607
735,690
217,223
261,345
991,946
95,5
735,729
857,863
5,89
223,133
601,607
89,95
5,95
729,735
178,223
517,595
517,607
479,389
217,133
946,991
517,607
95,89
306,351
681,723
704,682
95,89
863,857
601,607
991,946
862,831
5,89
982,1017
601,607
351,261
95,5
473,479
607,562
690,735
946,991
473,479
601,607
133,187
729,690
223,217
645,713
857,799
946,901
223,151
991,901
946,901
178,223
773,841
517,607
89,122
473,389
562,601
863,782
576,528
399,463
562,619
306,351
863,818
818,857
261,306
89,50
345,306
113,58
351,261
89,95
261,306
306,345
50,95
937,907
5,95
345,351
985,991
901,969
985,946
991,901
5,65
479,450
788,776
809,838
857,863
261,345
473,434
261,306
517,607
601,517
345,351
985,991
601,607
459,473
89,95
192,211
261,303
223,178
526,593
398,465
89,95
223,199
570,625
690,735
434,479
223,178
261,351
50,89
690,735
517,607
729,735
863,818
773,857
306,345
95,89
217,223
901,985
729,735
434,479
857,818
857,863
261,345
473,459
946,991
178,223
89,95
735,734
179,228
517,562
645,735
50,95
773,863
517,601
50,95
818,773
863,791
729,735
576,524
735,729
857,773
857,863
96,82
601,562
985,991
867,834
389,473
946,991
857,863
217,133
95,89
217,223
773,841
351,345
178,133
645,729
645,729
773,818
690,764
729,645
729,690
479,434
434,473
89,95
893,834
5,89
991,985
89,5
991,985
178,223
857,863
434,389
863,773
351,345
355,261
735,645
306,345
389,479
946,896
645,735
217,223
901,926
479,389
425,399
473,479
95,5
607,529
178,133
601,517
345,306
991,959
345,306
5,95
306,261
337,298
14,81
473,389
735,729
735,645
5,63
17,112
985,946
222,139
857,863
901,1017
473,479
217,133
50,95
5,95
473,434
601,607
217,223
946,901
773,857
5,50
818,863
985,991
99,126
818,857
306,351
645,690
947,901
345,280
223,252
89,95
434,479
863,818
63,81
479,473
434,479
773,857
345,351
901,955
857,863
562,607
306,345
434,389
863,818
142,223
818,863
833,803
89,95
857,773
818,857
729,735
946,943
351,298
217,223
95,89
223,133
217,133
345,261
178,223
345,306
306,261
89,50
851,874
690,735
223,151
345,351
306,261
985,991
901,991
562,607
261,351
162,131
473,398
351,345
645,729
351,261
960,990
773,815
5,84
217,160
729,735
133,178
223,217
95,5
434,389
389,434
261,310
133,223
735,690
690,691
857,862
89,31
901,969
562,607
562,607
735,690
863,818
89,50
607,601
517,562
479,434
473,479
351,286
319,337
857,863
517,607
50,95
479,434
857,863
863,857
89,50
601,517
351,279
261,351
509,479
89,50
950,946
946,991
345,351
351,345
607,535
50,94
601,607
517,607
351,306
95,50
818,863
351,306
517,597
863,818
735,690
356,310
389,479
985,946
389,479
857,863
261,345
473,479
607,517
306,350
50,5
690,729
50,36
985,991
729,735
601,607
345,331
217,223
276,264
63,36
223,133
133,217
389,473
553,530
818,782
351,345
351,270
479,473
133,178
901,985
607,601
217,223
863,857
473,434
517,559
946,1007
735,729
991,916
645,735
89,95
345,272
50,5
991,985
857,863
50,17
179,176
818,808
162,186
389,473
217,223
729,691
645,729
345,351
818,863
5,95
735,645
133,251
479,473
657,720
217,181
345,329
479,389
818,863
601,607
607,517
89,34
985,950
345,306
729,690
50,95
601,607
985,991
389,479
121,1
95,89
473,479
729,645
781,875
729,735
434,389
5,50
351,261
261,363
901,946
223,217
714,740
562,522
261,351
261,306
50,89
773,863
857,818
607,517
479,473
985,901
735,690
223,178
985,991
133,217
863,818
690,645
89,5
479,398
473,441
946,901
901,991
133,178
5,95
901,946
729,735
857,863
217,223
818,863
690,735
517,607
50,95
351,279
223,251
95,50
517,575
345,351
50,89
133,217
985,991
607,562
345,351
729,735
645,690
607,517
133,178
89,95
601,517
473,479
5,95
479,389
863,857
133,223
345,351
773,863
736,751
95,50
351,345
389,479
863,857
5,95
473,500
345,306
434,479
89,95
30,50
50,5
473,434
345,351
690,735
473,479
729,690
532,576
607,562
527,546
863,773
434,473
89,95
863,818
645,729
95,5
735,690
224,248
50,95
473,434
473,479
473,479
901,946
95,50
5,89
95,89
217,223
517,607
946,991
99,109
5,95
607,601
992,943
576,538
133,223
735,690
601,562
95,50
901,991
735,729
773,818
818,773
89,95
690,735
389,479
306,351
178,217
306,345
217,133
532,633
306,332
607,601
223,217
5,89
901,985
818,863
351,261
985,991
991,985
345,351
773,857
426,435
857,863
517,607
89,5
991,985
479,398
374,269
95,23
901,1016
735,690
517,562
495,454
89,95
601,607
5,89
351,345
89,95
818,863
818,773
434,479
645,649
607,601
919,991
601,517
946,991
517,607
434,479
434,473
473,479
473,389
50,95
89,5
473,479
95,89
345,351
857,773
224,171
991,985
320,313
690,735
645,735
217,178
473,479
601,562
946,991
735,645
562,607
607,535
50,40
601,583
434,479
5,50
50,95
607,517
517,607
389,479
351,306
863,865
863,773
645,729
857,831
50,95
901,969
674,751
345,351
729,645
863,818
389,479
729,735
351,345
345,351
223,178
89,95
479,473
217,133
985,946
607,601
690,723
473,479
985,991
562,607
985,991
818,773
261,306
946,991
473,434
607,562
991,910
729,735
345,334
223,178
985,991
434,389
95,89
50,5
479,407
348,306
79,63
5,95
729,735
562,601
863,818
223,178
601,562
985,991
985,991
89,95
389,434
479,468
729,735
901,946
818,773
562,517
478,497
261,306
645,690
389,479
95,50
479,389
217,227
901,991
479,434
223,178
991,901
991,985
773,841
191,248
479,398
645,690
473,479
133,217
729,735
434,479
5,95
729,648
89,95
473,434
991,985
783,851
773,818
562,607
351,284
351,345
261,351
89,95
990,943
217,223
148,136
901,985
901,985
562,607
601,607
818,810
179,138
991,985
773,863
863,857
901,946
261,351
133,223
517,562
773,818
89,95
224,235
985,901
601,607
991,985
217,223
479,473
985,991
223,217
351,345
601,607
645,704
601,607
735,690
773,819
473,479
133,217
389,479
389,480
818,841
310,321
985,1018
434,473
217,178
625,517
901,964
133,158
517,607
107,120
991,985
607,601
946,991
773,863
345,351
50,95
916,943
857,773
607,517
517,562
863,857
690,729
345,351
479,473
261,306
50,95
773,820
389,479
735,648
601,607
217,223
345,351
473,479
351,306
95,50
479,434
645,735
178,223
735,645
601,517
306,351
901,985
217,178
306,345
306,351
891,782
95,89
729,690
389,473
95,5
261,351
773,884
991,946
991,901
985,991
863,773
261,353
479,434
345,351
645,717
89,95
389,434
345,351
351,345
645,660
473,479
473,434
306,261
946,901
818,863
857,773
473,479
991,985
133,223
479,389
345,306
735,729
985,991
133,178
863,791
645,690
345,306
863,818
389,473
50,75
773,801
434,389
991,985
818,867
89,95
818,773
857,863
690,735
562,534
690,729
517,607
773,863
773,857
95,89
223,178
95,50
133,217
345,351
946,991
818,860
178,173
133,211
452,399
690,645
991,985
729,690
645,729
863,857
618,610
645,704
473,479
985,991
690,735
389,473
261,345
645,735
735,711
637,532
517,559
601,562
89,95
178,223
345,261
857,818
868,887
863,785
50,95
785,863
991,901
735,645
729,645
473,479
985,946
607,601
946,1001
89,95
857,773
562,607
261,351
985,946
473,479
89,5
50,122
517,559
991,985
351,306
645,735
5,95
645,720
345,261
100,54
345,351
345,351
946,991
857,863
479,407
345,306
351,345
89,95
857,863
645,654
985,991
729,690
991,901
690,645
607,591
389,398
473,479
345,313
178,144
178,217
95,89
729,690
985,946
517,607
946,995
562,607
863,857
991,985
89,95
95,5
223,133
351,345
729,735
261,306
857,818
946,901
50,113
901,991
607,601
381,383
562,594
601,607
863,818
863,773
946,991
690,739
178,223
479,473
607,562
985,991
607,517
434,389
5,35
473,434
985,991
5,50
351,345
607,601
645,735
785,889
5,95
54,104
729,735
607,601
735,645
473,434
729,645
261,351
645,690
89,50
95,89
857,863
223,217
261,345
991,985
351,270
985,946
217,201
601,517
607,517
690,735
473,479
773,863
345,306
601,607
857,863
434,389
690,645
517,607
601,562
985,991
389,479
95,50
782,849
351,345
95,5
901,985
601,517
735,729
217,223
570,571
178,223
729,690
863,857
991,1003
946,985
857,773
434,470
306,329
901,946
261,306
607,562
690,735
607,601
89,50
223,133
473,479
601,607
223,217
991,985
562,601
95,89
473,434
991,946
306,351
645,729
729,735
517,562
50,95
133,217
83,89
857,863
89,95
473,479
517,585
601,607
773,818
68,41
991,946
857,810
607,633
645,729
434,479
345,351
863,860
818,863
607,601
121,39
223,178
5,50
729,735
690,735
479,434
690,729
901,985
434,389
901,985
607,601
946,991
607,562
517,607
562,607
351,261
133,217
946,991
736,704
601,517
607,622
916,960
517,562
261,351
50,89
170,179
758,751
5,95
351,345
991,985
991,946
857,863
690,752
901,991
223,178
946,940
607,601
946,991
991,901
729,735
818,863
607,562
133,223
345,261
735,729
517,562
306,345
345,351
351,306
178,223
306,345
95,5
901,969
50,95
977,938
645,690
95,89
857,863
217,178
857,863
479,496
863,818
601,607
261,303
857,773
946,991
389,479
261,351
345,306
5,11
857,863
990,1010
946,991
133,223
901,991
991,901
645,735
5,89
818,863
345,306
95,89
223,217
901,1006
601,607
601,554
345,351
389,434
345,306
946,980
735,690
826,843
479,398
434,479
479,434
857,818
473,434
95,89
857,863
50,5
50,1
729,645
5,89
901,991
704,693
773,806
217,223
473,434
607,601
50,95
178,223
178,217
517,562
133,223
857,818
818,863
261,351
479,409
479,434
735,690
1009,954
95,89
729,690
223,133
901,991
217,223
89,95
735,650
89,95
345,351
991,985
729,735
473,479
345,282
345,351
133,178
985,991
985,991
434,389
217,133
271,339
690,735
351,261
17,125
74,100
473,479
345,306
345,306
473,457
863,857
306,261
991,985
946,991
901,947
655,719
479,434
991,985
223,178
645,735
50,95
178,133
217,223
473,389
985,946
95,89
351,345
223,217
345,351
991,985
345,261
857,863
985,991
985,991
5,95
645,735
818,863
223,217
223,217
991,946
375,355
178,223
217,173
645,729
735,690
735,729
901,946
773,881
95,38
802,782
991,937
473,479
857,863
645,690
863,773
89,50
89,50
479,434
89,71
473,479
89,95
773,841
690,729
351,345
434,479
95,50
607,601
857,863
601,567
735,729
729,645
946,901
601,607
473,479
178,223
985,991
990,967
178,175
601,517
389,479
95,23
345,261
735,645
479,434
435,504
601,607
517,601
857,818
345,306
95,14
735,690
106,98
345,261
345,306
217,223
95,89
133,175
223,217
863,818
306,261
985,991
345,306
607,601
434,473
645,735
479,434
601,607
83,14
89,95
351,345
133,223
863,825
729,645
133,223
562,595
51,95
985,991
50,95
729,735
223,217
178,133
946,906
991,987
345,351
690,735
562,517
389,473
607,517
566,517
607,601
179,144
178,223
223,145
351,306
50,89
223,178
479,389
735,690
681,708
261,351
345,261
95,89
479,473
601,607
729,735
991,901
223,238
773,883
345,261
607,601
217,223
818,857
562,601
901,946
306,351
217,169
857,863
517,607
863,773
857,863
729,690
95,89
50,95
690,735
345,351
529,636
95,89
729,735
95,89
729,645
5,95
89,95
473,434
223,178
729,690
179,170
690,735
170,179
389,434
89,95
985,946
857,863
95,50
261,351
95,89
95,5
690,729
601,607
491,397
345,351
345,351
991,946
351,261
261,291
345,351
217,178
389,434
946,985
946,991
601,607
818,857
562,607
217,178
863,818
50,95
473,479
217,178
473,479
64,80
133,223
690,645
857,818
479,389
985,901
306,355
637,546
607,526
95,5
985,991
946,985
389,479
345,306
217,178
991,985
901,991
729,735
517,607
389,434
345,305
473,479
211,234
857,831
178,133
601,569
217,133
863,878
991,946
5,89
306,287
729,747
50,77
601,607
217,178
217,178
818,863
985,979
607,562
5,50
5,95
582,554
345,351
783,802
690,645
607,601
217,223
690,729
607,601
217,133
607,562
562,607
261,351
690,729
911,979
607,595
389,479
601,517
857,818
863,857
178,223
89,50
818,889
901,991
217,223
580,527
901,985
991,946
729,690
217,178
991,901
95,89
5,50
863,857
863,857
133,178
946,991
5,95
946,972
601,517
773,857
345,351
261,345
985,991
773,857
351,345
351,345
729,735
901,946
690,718
985,991
434,479
351,306
89,95
517,601
345,351
479,473
351,345
356,375
773,818
729,735
607,601
261,351
95,89
473,479
345,306
473,479
857,863
89,95
89,95
729,690
306,351
601,607
991,985
261,351
818,857
306,324
645,729
517,607
434,479
991,946
351,345
473,479
89,50
351,345
5,50
863,782
735,729
645,690
95,89
473,434
223,133
517,607
473,479
946,985
389,479
217,223
607,601
946,901
261,306
345,351
345,351
645,729
836,783
773,863
381,326
607,538
351,261
607,601
857,863
473,434
133,178
901,991
517,607
345,351
901,991
857,863
345,351
985,991
479,473
601,562
345,297
261,351
133,223
351,261
89,95
818,863
517,622
217,223
95,5
893,895
857,773
479,473
946,991
447,480
5,89
645,690
863,818
217,223
89,95
773,863
479,389
729,735
901,969
863,818
773,863
729,645
562,607
178,217
479,389
735,729
217,223
729,735
729,735
389,479
901,946
179,187
203,217
985,901
601,607
991,971
5,95
729,735
601,517
517,601
306,261
857,863
607,601
95,50
878,857
351,345
937,911
223,178
434,479
645,721
223,217
601,607
517,606
482,435
479,473
479,389
773,818
735,729
5,47
351,345
991,985
517,595
50,95
50,89
562,607
473,479
217,223
607,601
95,50
991,946
70,42
601,562
991,985
178,223
434,479
64,83
314,369
351,261
857,863
306,345
729,735
217,223
50,89
601,607
901,991
95,50
5,89
89,95
645,735
901,985
985,991
991,1003
217,223
89,95
351,345
562,634
946,991
735,670
773,863
473,479
991,985
479,407
607,562
95,5
95,89
351,261
645,746
217,223
306,351
517,607
554,606
729,705
562,607
351,306
690,663
562,517
729,735
217,237
946,924
911,930
517,607
857,818
645,735
345,351
178,176
389,479
95,50
901,991
517,607
479,452
389,422
95,50
562,607
306,351
223,133
517,562
863,891
223,217
946,901
95,23
832,890
985,901
95,5
223,217
607,562
517,585
261,306
261,273
562,607
517,595
645,735
479,398
517,607
345,286
434,473
735,729
601,517
89,50
426,435
223,217
345,348
517,607
89,95
473,454
863,773
857,863
89,95
645,690
729,763
729,690
178,223
946,991
306,347
351,261
50,80
645,729
89,95
601,562
306,324
985,901
5,50
517,607
223,217
306,273
901,991
517,562
735,690
623,517
100,119
217,178
773,818
89,95
562,601
911,975
991,901
261,345
95,50
261,345
83,106
261,316
690,729
473,479
261,351
306,351
857,863
863,857
607,601
863,857
217,145
985,946
473,479
517,607
607,517
682,721
95,50
473,479
985,991
729,735
735,663
261,306
479,473
261,303
389,434
690,729
497,442
306,383
735,729
273,350
50,5
553,580
857,863
729,645
607,601
607,589
261,363
985,901
985,946
601,607
562,607
306,351
217,223
601,562
729,735
217,133
345,306
217,223
607,601
5,95
217,223
863,857
50,89
223,151
857,770
517,622
351,261
217,223
89,95
193,175
351,306
89,50
607,535
818,863
946,985
178,223
985,991
479,389
345,351
517,562
89,95
345,306
735,663
217,223
586,612
601,562
5,99
991,946
345,351
607,562
473,479
690,735
389,390
345,351
351,345
601,607
64,4
946,985
740,654
729,645
95,89
133,223
729,735
479,414
901,985
857,773
178,145
517,607
991,985
95,50
773,818
351,345
473,389
5,50
857,818
95,50
434,479
562,607
217,178
562,607
690,657
901,946
729,735
351,279
345,306
946,919
729,690
473,389
473,389
601,517
306,351
389,470
857,852
133,223
473,479
389,434
178,223
473,479
217,223
89,95
822,773
509,479
217,223
178,188
857,863
735,729
576,568
5,95
5,89
217,223
946,985
901,985
306,351
434,389
178,133
133,217
261,351
68,41
735,723
479,473
89,50
389,479
729,735
17,95
729,735
217,223
345,261
607,517
773,863
601,607
645,729
729,735
34,65
773,857
306,351
95,79
50,95
991,951
863,857
729,735
818,773
607,535
863,818
645,735
991,901
994,979
857,863
306,345
217,178
89,5
389,473
863,857
863,857
261,306
223,217
607,601
985,910
601,607
863,773
809,808
217,223
909,964
89,95
946,991
50,17
89,95
607,601
89,95
818,863
946,991
434,392
217,133
985,991
729,690
985,991
5,42
645,735
223,178
479,473
517,607
645,729
645,729
345,261
729,690
818,833
89,50
690,736
645,729
645,735
479,389
562,607
881,826
517,601
562,607
345,351
857,863
645,735
985,991
50,95
694,742
901,946
5,73
389,479
601,607
773,863
479,473
773,863
351,345
473,479
735,690
399,463
261,351
479,398
991,901
89,5
345,351
351,306
901,973
601,607
14,89
607,515
217,178
985,946
434,389
607,601
562,607
607,606
345,351
901,917
89,50
847,831
473,479
985,991
25,106
50,89
833,887
473,479
991,946
389,479
479,434
449,386
345,351
985,901
562,529
434,473
946,991
601,517
95,50
178,217
479,473
562,514
985,991
473,394
601,607
773,857
901,946
645,759
351,306
89,95
863,773
857,818
95,89
223,133
773,863
217,178
857,863
89,50
435,396
857,818
217,212
991,946
306,351
351,261
857,863
607,517
818,863
270,337
818,773
351,345
946,991
473,389
691,703
345,351
729,645
217,223
607,517
773,818
601,562
434,479
473,479
863,857
735,729
645,729
345,351
434,479
261,355
607,601
95,23
261,306
217,201
739,675
223,217
901,985
479,434
345,287
857,863
703,691
434,479
601,607
95,89
857,863
50,95
773,863
690,735
901,985
863,857
857,863
479,416
985,991
70,42
773,863
217,133
863,891
773,818
351,261
306,345
95,89
690,735
901,991
735,690
601,607
497,442
502,397
991,985
306,261
223,178
261,306
351,306
643,729
735,729
261,351
991,985
50,5
5,95
479,473
863,857
306,292
809,773
601,562
5,95
863,818
729,735
95,50
306,351
217,178
389,479
217,223
95,89
690,729
5,95
601,579
223,133
133,201
217,178
863,857
223,142
818,863
133,217
169,223
562,607
217,223
479,434
991,901
735,729
381,294
690,735
193,234
735,663
645,735
946,901
857,863
735,729
5,89
178,223
345,306
991,985
89,50
991,985
607,601
857,818
351,345
601,607
867,843
306,351
517,607
607,517
773,863
345,351
729,690
145,249
985,946
985,926
517,601
89,95
645,735
351,306
901,991
863,857
50,93
438,434
607,601
389,473
729,735
607,562
473,479
479,473
228,247
690,735
217,178
217,209
389,509
985,946
946,901
345,261
985,901
562,587
89,95
217,223
89,95
734,680
509,436
729,735
517,585
479,473
818,863
773,857
901,991
133,178
517,601
863,857
901,991
690,735
818,863
5,89
645,735
863,773
389,434
89,95
345,351
345,351
133,241
191,248
160,202
601,607
991,1019
863,818
121,20
985,991
729,735
178,223
345,351
729,735
607,601
601,607
381,335
306,351
601,551
562,601
473,479
901,991
773,857
562,517
473,479
50,5
306,351
479,398
473,479
228,247
479,473
857,818
946,981
223,178
50,95
389,507
345,306
785,889
473,479
773,863
601,607
479,389
901,946
867,895
985,901
857,863
473,479
223,151
607,562
5,89
89,50
434,445
261,306
5,89
607,517
306,261
729,645
735,645
601,607
818,863
473,479
142,209
985,901
863,861
901,969
901,985
261,351
863,773
818,857
473,479
479,389
89,50
389,479
863,818
345,261
223,217
901,991
901,991
95,89
818,832
467,448
735,690
217,133
389,426
985,946
89,5
434,479
133,175
351,345
389,479
985,991
818,773
601,607
434,479
89,68
89,50
562,572
901,991
89,50
350,367
95,89
857,863
901,910
434,396
389,479
133,217
425,466
261,351
223,217
857,818
133,223
991,985
729,735
562,607
818,857
89,20
473,479
351,345
223,217
133,223
517,607
217,223
217,223
857,773
89,95
484,503
345,351
735,729
729,735
223,217
901,970
249,227
985,901
95,5
735,729
601,562
735,729
946,901
50,5
773,857
1015,916
345,351
991,985
223,217
345,306
645,735
306,351
95,50
729,690
607,601
64,77
991,901
818,863
261,306
345,351
729,735
5,11
345,351
217,223
479,407
607,601
473,434
261,345
735,729
63,98
901,946
479,407
345,306
89,95
601,607
991,985
979,992
601,607
773,841
178,223
217,211
729,735
848,818
735,729
788,776
345,261
473,479
601,607
345,306
985,991
178,217
874,863
735,758
95,50
306,351
178,149
345,261
95,123
351,279
690,729
223,217
389,466
434,479
985,991
735,645
625,588
788,776
729,690
985,991
601,562
89,95
5,51
863,857
89,95
345,351
217,223
517,607
985,991
89,5
5,50
985,946
901,946
832,828
306,345
306,345
479,473
991,985
261,306
434,414
298,301
857,863
473,426
50,89
960,918
690,742
991,985
133,223
607,601
5,95
857,863
517,562
592,562
601,607
607,562
345,261
479,434
645,658
773,863
735,690
261,345
985,991
901,985
261,306
607,517
773,863
773,857
863,818
50,95
691,703
729,735
946,901
601,562
562,607
50,89
345,351
133,178
985,901
690,729
601,517
857,831
345,306
946,991
133,223
473,479
306,351
985,991
729,735
223,210
223,217
89,50
306,351
601,607
985,974
735,729
562,607
217,223
601,607
389,479
655,663
901,991
607,562
946,943
473,479
729,735
773,857
818,857
473,479
729,735
89,5
133,223
133,158
306,261
991,985
601,607
217,223
735,729
857,863
607,517
178,223
89,95
351,306
261,351
863,857
946,991
50,95
133,217
217,178
15,41
729,735
991,901
674,751
389,479
863,857
223,217
781,875
178,223
735,690
690,670
223,217
818,793
773,863
773,863
601,607
95,5
818,785
991,946
306,351
133,203
607,601
735,690
607,562
479,389
901,1011
645,690
473,479
562,538
290,270
901,946
89,95
479,407
473,479
89,50
389,457
351,306
857,863
483,440
607,562
606,577
89,5
601,517
351,306
345,351
591,558
818,851
735,645
434,479
89,95
479,434
178,223
95,89
946,991
389,473
645,729
434,473
389,479
438,434
217,223
991,910
681,669
178,223
217,223
479,473
901,991
306,259
217,182
261,286
773,857
863,782
735,663
133,178
306,261
601,607
690,729
645,735
95,89
345,351
178,223
345,351
690,735
223,217
645,735
901,985
133,201
95,50
735,716
223,142
645,735
517,552
5,50
739,723
389,479
735,690
5,95
479,389
217,133
89,95
985,991
473,479
5,95
607,601
690,729
473,434
985,991
81,100
729,690
562,601
50,95
306,261
985,991
863,857
601,562
645,735
517,607
985,991
690,735
773,857
607,517
991,985
985,991
735,729
645,696
345,351
351,261
582,554
169,219
607,601
601,607
223,178
601,517
473,479
517,607
351,306
473,434
473,389
95,89
729,735
607,517
773,863
601,517
901,985
133,223
142,209
217,178
735,645
857,863
345,351
389,473
773,818
223,217
50,35
345,306
985,991
473,434
261,306
261,329
217,223
991,985
946,918
729,735
601,607
818,857
217,223
389,434
223,217
389,473
645,760
223,178
50,95
645,735
434,473
985,901
217,178
985,991
607,562
562,569
946,991
690,735
729,735
133,178
735,694
95,89
95,50
345,351
5,98
217,223
217,136
362,377
133,178
954,975
901,991
389,467
901,985
985,946
736,764
607,601
345,351
863,782
95,50
223,142
5,50
818,773
985,991
89,95
645,735
223,178
50,89
857,863
217,223
473,479
345,306
95,89
607,562
601,607
985,946
946,991
607,601
389,434
89,5
601,562
690,645
223,217
473,479
690,735
729,690
389,434
863,818
601,607
223,142
351,261
261,383
133,178
306,351
389,434
320,274
857,810
223,217
901,985
863,818
729,735
5,50
985,901
985,991
735,654
178,157
916,960
434,505
773,818
601,517
8,64
133,175
607,601
946,985
946,991
863,857
901,985
729,690
389,434
818,786
985,991
946,991
601,562
857,863
901,910
473,479
703,736
95,50
178,223
89,5
863,857
735,690
351,345
607,562
729,735
345,351
991,985
306,261
345,306
95,89
89,95
562,578
345,351
607,517
89,95
863,818
306,345
5,50
601,607
735,690
89,50
991,985
473,479
985,991
434,479
389,398
991,985
946,991
729,734
389,426
901,946
985,991
509,479
857,863
261,351
985,991
562,594
857,863
517,562
223,133
178,188
645,729
773,863
857,863
735,729
339,362
735,729
562,535
985,946
261,345
985,991
217,133
996,1015
690,735
351,345
479,473
389,473
223,178
133,223
217,223
5,95
1017,957
95,89
601,607
261,372
729,645
645,735
345,261
345,261
517,562
901,991
217,133
863,773
690,735
50,95
5,95
901,985
434,479
690,729
946,985
89,95
601,562
857,863
89,5
985,991
95,50
479,473
562,607
901,946
901,943
217,223
863,818
223,133
645,729
345,351
690,763
857,818
479,389
345,348
50,91
901,991
818,797
735,645
306,350
607,601
729,735
261,351
50,95
517,607
690,645
178,223
125,73
306,284
985,991
89,95
5,50
985,946
729,735
607,601
89,95
729,690
95,89
133,178
601,562
562,607
89,95
217,223
473,479
517,607
985,991
783,851
735,729
857,818
345,306
133,223
261,329
818,857
517,562
735,729
729,682
89,50
863,773
345,351
95,5
389,434
217,133
645,729
645,735
607,601
345,351
901,946
345,306
946,901
473,479
863,857
369,314
985,991
985,991
729,645
351,286
946,985
89,95
773,863
857,863
223,133
729,735
735,729
89,4
729,735
985,946
5,95
5,95
339,306
818,863
607,601
735,729
306,351
178,217
223,217
95,89
985,991
729,735
95,110
345,351
601,607
223,133
517,585
991,946
901,985
729,735
562,607
729,735
690,729
223,142
479,473
261,345
517,585
991,985
563,566
729,735
729,735
607,601
95,89
261,306
224,207
601,607
473,479
991,959
562,607
261,345
863,839
473,479
893,845
345,351
517,532
5,89
863,857
946,991
479,473
178,223
369,330
729,735
946,985
191,248
473,434
261,329
863,857
306,351
690,735
517,601
345,306
434,389
5,77
857,863
178,133
735,729
223,129
505,507
389,434
601,607
345,351
345,286
89,95
601,607
389,473
645,735
910,977
818,863
735,690
729,735
818,857
89,95
773,863
959,975
682,734
946,985
690,680
601,562
660,704
473,434
994,943
601,607
645,735
223,178
5,95
517,562
306,351
95,89
773,815
729,735
50,95
5,47
901,943
473,455
351,345
178,223
398,465
607,601
133,223
985,991
351,306
95,5
735,729
389,479
946,991
133,178
703,760
645,729
261,306
601,607
479,389
473,479
389,434
729,735
985,991
261,345
345,351
901,946
178,133
351,345
863,857
389,479
217,223
857,773
398,465
735,658
901,946
601,608
991,979
95,89
607,562
279,351
901,985
985,991
857,863
261,345
901,985
95,89
607,562
306,351
5,95
857,863
217,223
985,946
473,479
729,645
434,479
389,479
729,735
217,178
729,735
473,479
562,601
479,434
946,991
434,473
321,361
818,857
517,607
901,971
735,729
64,49
818,773
690,735
95,5
773,863
773,818
946,991
773,857
857,863
985,991
735,729
345,351
729,735
89,95
625,595
50,89
607,562
985,991
863,857
690,735
223,217
351,345
306,261
857,818
562,517
735,729
729,645
660,704
875,851
690,729
89,95
729,690
473,479
223,220
946,991
985,946
863,857
217,133
223,142
857,863
991,901
985,991
729,735
607,517
857,818
645,690
479,389
89,54
625,570
773,824
773,863
901,950
89,50
566,588
95,89
735,729
863,796
863,818
217,223
217,223
690,735
991,919
473,479
473,479
995,978
773,819
991,946
351,345
562,601
133,223
729,735
217,223
729,735
479,434
645,690
261,306
399,418
479,473
95,5
607,601
645,735
863,773
645,729
217,223
857,818
857,818
857,863
729,735
217,223
95,5
857,863
783,847
261,306
389,434
857,860
985,991
434,479
463,467
645,735
133,191
345,351
901,943
607,606
473,389
192,136
389,401
95,89
562,580
985,901
586,611
562,639
345,351
773,857
517,607
473,479
991,985
863,868
351,345
735,690
50,95
765,646
351,345
479,434
479,427
863,890
345,261
991,985
479,473
223,133
601,562
946,949
133,217
729,735
223,217
50,5
223,217
351,345
601,607
601,562
345,351
607,535
5,95
133,217
991,985
773,818
562,607
217,178
217,133
182,208
351,306
473,479
607,517
479,473
223,133
991,901
690,682
645,687
729,645
133,223
223,178
223,178
601,607
5,95
479,473
351,306
306,276
863,818
985,946
5,95
818,863
729,693
473,479
95,89
729,735
223,178
773,815
261,351
857,863
217,178
991,910
434,389
178,223
95,89
857,818
426,478
261,345
901,985
818,773
601,607
261,345
5,89
985,910
729,735
612,526
831,864
863,773
133,134
261,298
389,479
946,943
857,773
517,559
95,50
857,863
773,875
985,901
739,746
5,50
517,607
425,439
133,178
682,691
857,863
5,50
607,551
223,217
389,479
991,901
345,306
297,324
50,95
473,389
479,434
351,270
434,479
351,270
306,273
247,133
601,607
217,133
818,857
5,50
863,857
607,529
223,217
601,517
351,345
729,735
517,601
5,95
857,863
901,985
389,473
818,773
15,83
89,46
735,729
50,95
735,729
479,398
5,89
773,863
645,735
863,818
95,89
985,991
729,690
345,351
479,401
351,306
306,351
991,975
517,603
89,95
517,559
306,348
479,434
473,479
735,645
345,351
5,95
991,913
5,89
89,95
15,83
704,664
473,434
223,217
991,946
89,5
5,95
473,434
595,618
857,863
389,479
562,607
645,735
517,607
991,985
50,112
261,345
434,419
345,261
345,306
479,473
5,95
607,601
735,645
857,863
607,588
601,607
345,351
133,223
351,345
601,562
601,607
607,562
95,5
351,345
261,286
95,82
307,270
261,345
351,378
223,133
857,863
95,5
607,526
217,223
434,479
217,223
223,184
50,95
345,351
729,690
223,178
217,223
217,178
306,351
479,473
601,607
601,562
901,1013
95,89
729,690
607,601
601,607
857,818
89,50
863,818
985,988
95,50
773,857
223,178
517,562
50,95
863,857
645,735
946,985
735,690
479,389
818,869
901,985
345,351
773,857
985,991
607,517
773,863
985,901
351,306
5,47
554,610
735,729
729,735
818,863
857,863
178,223
735,729
985,991
729,735
985,991
690,645
818,863
991,946
607,517
857,863
857,773
89,95
690,729
89,95
946,991
946,901
50,95
985,991
217,178
133,178
217,223
5,50
178,223
517,562
991,921
223,217
985,991
434,481
645,735
601,562
179,159
601,607
133,223
773,857
773,863
735,729
773,841
601,607
89,95
306,351
143,207
863,773
351,345
223,178
863,773
991,946
857,863
133,223
217,133
89,95
985,991
901,985
901,991
857,863
517,601
350,276
946,915
950,990
434,389
985,946
735,645
735,729
89,95
991,946
857,863
95,14
916,960
261,351
857,863
143,207
217,133
133,217
857,863
497,442
517,607
729,735
261,351
89,95
345,261
985,991
261,351
818,863
89,5
473,479
601,517
133,178
389,468
645,735
901,991
133,239
562,540
389,473
729,687
89,95
991,985
449,502
5,95
863,857
178,223
729,735
306,345
607,522
991,985
345,261
133,223
473,434
434,473
217,223
345,351
889,786
729,690
690,701
517,607
773,841
89,50
306,351
178,223
857,863
217,223
351,345
133,223
985,991
223,217
607,601
306,351
601,607
863,891
729,690
306,351
735,729
479,434
261,351
306,345
645,735
13,64
345,306
735,729
517,607
5,95
601,607
50,19
690,735
479,473
95,89
50,117
89,50
306,351
133,217
351,345
89,95
517,562
5,95
857,815
729,645
133,223
89,5
310,353
562,607
773,857
735,729
773,857
562,633
609,562
857,863
729,690
345,306
735,729
517,562
690,735
89,95
306,351
345,351
389,479
133,217
223,133
893,851
223,178
735,756
50,95
345,351
223,217
985,991
818,813
857,785
217,223
690,735
601,607
89,95
690,729
867,813
223,217
473,479
645,735
89,95
389,479
64,88
985,991
217,178
690,735
178,230
235,207
345,351
351,261
729,690
610,562
473,479
601,562
473,434
217,148
735,729
89,50
818,857
434,467
345,351
261,351
5,95
735,729
95,89
178,223
601,562
261,345
473,434
223,217
5,50
50,25
89,95
729,735
735,729
773,863
729,735
95,23
473,479
389,473
857,818
217,133
857,863
946,985
479,473
95,89
857,818
89,50
607,601
217,223
862,813
306,261
739,691
631,635
857,818
735,645
601,607
351,261
434,479
690,645
645,729
857,773
473,479
657,766
351,306
517,607
735,690
50,95
857,863
601,607
645,735
529,612
773,825
261,351
89,50
645,747
562,601
351,261
985,991
351,345
857,818
89,5
601,624
735,690
985,991
389,473
5,95
532,606
607,517
690,760
389,412
517,601
822,818
389,479
857,863
991,985
901,946
95,89
473,479
690,645
479,473
434,423
306,351
607,601
133,223
89,95
863,773
946,991
389,434
50,89
985,991
217,224
979,911
351,345
937,911
217,223
89,95
389,479
645,694
946,991
690,735
479,434
345,306
690,735
863,789
857,863
351,306
946,991
645,735
601,607
601,607
389,479
735,729
345,351
89,50
985,946
690,729
985,946
517,607
735,663
89,50
985,946
735,729
133,217
479,389
434,491
607,562
345,306
901,991
261,279
645,729
479,389
345,261
223,133
479,389
690,735
645,735
89,95
690,735
946,991
89,55
607,601
473,434
773,863
178,133
261,306
306,351
562,570
276,320
517,607
479,473
89,95
223,142
89,95
735,690
863,857
562,569
95,89
80,125
306,351
479,473
95,50
95,89
351,274
901,991
306,345
991,990
729,690
389,479
645,735
601,517
133,178
50,95
517,588
261,351
773,815
5,50
261,345
351,261
601,562
607,601
985,967
89,47
434,479
773,841
863,773
434,479
435,498
345,261
473,389
473,479
351,312
985,991
89,95
306,351
863,857
95,89
89,95
89,95
5,50
351,306
389,473
350,279
562,569
217,223
818,863
5,50
133,223
601,607
863,773
690,678
601,607
517,608
729,711
217,178
863,869
473,479
261,349
991,985
601,607
228,142
991,985
10,50
729,690
473,479
41,39
991,985
89,95
645,735
89,95
223,217
562,607
351,345
306,351
261,345
773,863
434,479
217,223
991,901
223,133
608,562
857,863
5,73
351,270
566,529
729,735
645,729
434,479
5,89
473,479
434,479
773,857
985,991
863,773
345,335
818,825
345,306
345,351
916,960
50,95
857,863
351,306
901,991
223,217
261,306
562,607
562,607
607,535
223,178
223,178
261,303
473,392
562,607
178,223
217,133
690,735
517,607
863,773
863,773
863,773
946,901
483,454
735,690
562,517
729,735
601,607
178,133
261,351
125,99
95,89
946,991
645,735
690,735
773,863
434,387
985,953
901,991
95,89
517,601
351,306
389,434
607,517
133,178
434,464
502,426
178,142
54,83
946,991
991,1020
901,985
729,735
690,735
985,991
607,526
645,713
89,95
222,207
991,985
946,985
50,5
217,178
217,223
5,89
438,393
729,690
601,607
773,841
351,270
223,199
985,991
698,708
89,50
901,985
169,207
690,683
351,270
5,50
735,645
435,484
95,50
857,863
89,50
705,699
473,434
991,901
601,517
479,434
50,95
601,590
857,818
901,946
991,946
95,89
473,434
773,771
345,306
473,479
261,306
601,607
526,593
389,473
773,863
345,383
133,178
351,345
401,479
306,351
306,321
479,389
5,89
946,991
901,946
517,601
473,389
901,946
517,601
223,149
89,5
607,526
761,642
607,601
826,843
901,991
261,345
261,351
857,863
690,735
14,81
985,991
473,434
985,991
735,729
729,656
133,223
527,546
735,729
95,14
434,479
50,89
674,654
95,89
645,735
434,473
645,735
178,223
645,735
631,532
863,857
985,906
901,967
729,735
690,735
223,133
729,690
345,261
985,991
729,735
261,345
5,95
601,517
681,708
133,223
857,863
133,223
735,729
223,178
863,818
857,863
306,351
735,729
261,303
473,479
345,351
985,995
217,223
991,946
217,178
735,725
690,735
306,351
95,89
773,818
473,479
863,820
345,357
351,306
89,95
89,95
223,217
351,261
562,607
985,991
50,95
863,857
178,221
479,389
473,434
985,910
217,223
991,985
690,735
901,991
434,479
735,645
381,354
863,857
729,645
217,223
345,351
818,798
818,773
857,818
857,815
345,351
133,178
729,735
607,601
735,729
601,562
5,95
95,5
389,479
729,645
50,95
50,95
946,991
89,95
645,729
345,351
473,389
901,928
389,479
261,351
985,991
985,991
389,479
735,729
857,773
735,654
517,601
729,735
517,601
901,926
434,484
389,479
575,632
517,607
818,867
306,351
306,339
306,351
818,863
89,95
306,374
901,985
901,985
991,985
505,435
133,223
645,729
946,941
479,473
517,562
690,735
217,223
735,729
857,863
217,178
133,217
5,50
133,178
735,729
863,857
261,306
517,607
133,223
389,457
645,735
89,95
217,178
773,863
89,50
672,714
517,601
863,857
5,95
818,863
562,517
223,178
607,569
473,479
345,351
89,50
735,690
645,712
645,735
479,473
223,178
690,735
217,223
601,607
735,653
5,89
306,345
50,89
735,690
985,901
50,95
863,773
345,351
991,946
991,985
434,479
607,517
991,985
217,133
863,857
946,995
991,985
217,223
735,729
217,223
261,351
95,50
479,473
601,607
217,223
553,607
517,607
223,151
607,601
601,607
89,50
690,645
991,901
351,261
178,223
645,690
729,735
607,601
473,510
351,261
261,351
517,607
133,178
863,818
5,95
351,334
261,345
5,73
95,89
773,863
473,479
729,735
985,991
857,773
178,133
991,985
306,351
601,554
562,517
306,351
729,735
217,223
788,832
223,217
863,857
946,927
223,178
740,654
607,526
89,5
735,729
374,321
857,773
607,562
89,95
273,292
645,729
863,818
607,601
818,863
434,479
473,479
562,606
479,434
351,261
832,852
345,351
473,479
434,463
607,517
729,735
50,95
607,601
5,50
143,207
345,306
434,389
345,351
306,351
434,389
89,95
985,991
133,223
863,782
690,660
89,5
89,95
178,223
473,479
434,479
985,991
773,863
351,334
517,607
818,863
351,306
473,434
735,729
389,434
179,156
863,857
645,694
863,818
729,735
89,95
95,89
985,946
818,773
345,351
