256,10000
217,133
50,95
5,123
217,133
133,221
217,223
223,151
223,217
89,50
89,71
133,217
133,223
133,223
5,89
89,50
133,178
223,217
17,113
89,95
5,95
148,192
223,217
223,133
50,95
217,133
100,14
95,14
95,5
217,133
133,162
95,89
178,223
50,89
89,95
178,223
5,95
89,95
95,50
178,223
178,223
223,178
223,217
133,205
217,178
94,30
89,95
96,13
178,223
223,178
5,89
217,223
223,178
89,95
58,24
217,133
187,253
145,185
5,47
223,217
178,223
192,184
143,207
133,178
94,79
81,42
89,50
217,223
5,95
95,89
217,223
5,63
133,223
95,50
89,74
5,95
95,50
217,223
95,89
89,95
223,217
50,20
95,89
50,67
50,89
133,178
223,178
223,217
217,178
178,223
133,217
5,95
89,95
133,198
89,95
217,133
178,223
5,95
217,223
94,72
133,178
178,223
89,95
223,185
133,217
95,5
178,133
223,178
89,95
133,178
169,254
133,179
133,217
133,201
89,95
217,223
5,47
223,188
123,119
178,223
217,133
133,223
133,178
95,89
89,36
178,217
95,50
5,95
95,50
223,217
133,223
5,89
50,5
5,50
133,178
133,217
95,5
223,217
50,95
133,223
217,223
217,223
217,223
133,223
89,95
5,95
228,247
178,223
133,178
217,178
217,178
133,175
89,95
95,10
217,223
133,223
5,95
89,95
50,89
100,14
50,89
95,50
95,5
178,217
95,89
223,217
50,95
217,223
5,50
89,95
133,178
223,217
95,83
50,95
217,131
89,95
178,223
89,95
121,73
50,5
253,209
50,5
217,178
178,175
95,5
178,133
95,89
95,50
50,106
223,133
223,227
217,223
217,186
50,95
20,8
5,50
133,217
89,5
223,133
5,89
89,95
89,95
95,65
89,95
223,133
89,95
89,95
95,89
133,217
133,223
89,95
89,95
217,133
217,219
95,5
217,178
89,95
95,89
178,223
5,95
223,151
223,217
95,89
223,217
5,95
5,50
95,89
217,223
178,223
223,178
89,95
89,95
95,23
125,94
133,178
192,141
50,22
50,95
95,89
217,223
160,202
50,17
223,217
253,199
143,162
223,217
89,95
95,119
133,201
95,38
5,95
217,223
50,95
217,132
89,5
50,95
223,151
217,223
178,158
223,178
178,239
89,5
217,148
95,50
148,136
89,95
133,178
143,207
133,223
95,50
133,201
178,223
89,95
178,188
178,212
178,217
178,217
223,217
5,89
223,142
15,83
133,201
153,234
133,217
217,223
133,217
95,45
89,50
95,89
217,223
5,95
89,95
133,223
95,89
223,178
5,73
223,217
223,178
217,133
95,89
217,133
178,223
95,89
217,133
51,115
50,5
50,5
5,50
217,223
50,47
133,178
217,178
89,50
217,223
178,223
5,95
217,223
95,89
179,230
217,178
223,142
223,217
95,89
95,89
133,223
5,95
223,133
50,95
95,50
223,133
217,223
217,223
5,95
50,95
217,223
133,223
223,178
5,50
50,89
95,5
217,223
95,89
89,95
133,207
50,95
223,217
89,95
89,5
89,95
50,95
50,95
89,38
95,89
178,217
178,133
50,89
223,217
95,39
223,178
133,178
133,217
217,223
89,95
217,133
95,23
5,89
217,178
95,89
50,5
217,223
89,95
217,223
95,89
217,223
50,95
217,223
89,95
89,95
178,223
178,167
133,217
217,223
217,178
95,86
217,223
133,223
50,101
65,1
95,89
50,97
89,50
217,223
217,223
223,151
178,223
223,178
5,95
223,217
133,175
223,178
89,5
89,50
89,50
89,95
89,95
5,77
133,175
217,223
133,201
89,95
95,5
125,80
89,50
50,89
223,178
178,223
34,65
133,217
5,95
50,95
95,89
95,50
223,217
41,31
178,223
5,95
133,217
169,200
217,223
133,178
89,8
217,223
133,175
178,145
42,89
94,117
217,178
217,223
133,217
133,217
95,89
178,223
89,5
89,95
50,95
50,95
133,178
178,223
50,95
178,133
5,95
178,223
217,223
217,223
217,223
89,50
50,89
223,217
217,223
95,89
119,99
89,95
133,178
50,5
223,133
89,95
50,95
133,217
5,95
217,223
217,223
223,133
186,241
5,89
95,89
133,223
178,217
95,50
5,95
63,96
148,192
223,178
5,50
50,80
223,133
192,222
217,223
217,227
5,95
89,95
178,223
50,95
217,223
5,89
95,89
89,95
178,217
50,95
223,133
5,89
217,199
217,223
89,50
95,89
89,5
133,243
223,217
217,223
151,223
89,95
223,217
95,89
223,133
89,95
95,89
50,0
50,89
133,217
217,223
217,178
95,5
217,237
178,223
223,217
133,175
89,95
217,133
143,162
223,217
50,95
217,178
95,89
253,208
50,5
217,133
217,223
5,95
178,133
217,223
95,89
5,73
95,50
133,217
217,223
95,89
223,217
5,89
133,223
217,223
5,95
223,188
227,228
5,73
5,89
96,88
223,178
133,178
223,133
89,95
133,217
5,50
217,133
223,178
178,223
50,95
5,47
5,95
247,251
89,50
217,223
95,50
95,5
51,80
95,50
133,223
133,169
223,178
217,146
133,223
5,95
89,50
95,53
178,223
89,50
223,178
217,178
5,95
95,89
5,118
89,43
95,50
95,89
217,185
95,89
50,17
192,193
5,89
223,217
50,89
223,133
81,42
223,133
133,178
5,95
178,223
223,133
178,252
133,223
5,89
121,76
95,89
217,223
89,50
217,223
95,89
223,217
5,89
51,97
170,179
217,223
178,144
223,217
223,178
133,201
50,89
89,5
178,223
95,89
145,139
89,95
95,89
89,95
63,96
89,50
178,223
89,95
217,223
50,95
89,95
89,50
89,95
234,223
5,50
223,133
89,95
89,95
50,95
133,178
5,89
89,95
217,223
223,217
223,217
95,50
223,178
186,241
253,161
89,95
223,178
217,223
223,151
89,95
223,217
89,95
217,223
217,223
178,223
106,50
223,217
50,95
178,177
223,217
223,217
217,223
5,47
178,158
178,223
89,95
95,5
217,133
217,223
133,217
5,95
133,223
5,89
20,121
217,178
178,223
5,50
5,60
133,223
133,223
133,178
133,223
5,95
89,95
217,223
145,174
133,178
95,23
89,95
95,89
217,223
217,223
5,95
217,178
5,89
89,95
217,223
34,15
5,79
217,178
223,178
5,95
217,223
133,217
178,217
223,178
217,223
217,131
223,133
178,217
133,175
89,50
223,217
133,217
223,217
178,131
223,217
179,208
47,35
133,223
95,50
89,95
217,178
160,202
178,133
89,5
217,203
217,223
223,217
50,5
223,217
89,50
50,5
178,223
89,50
178,133
223,217
89,5
223,133
223,217
89,95
253,247
217,223
5,50
217,223
223,217
217,223
50,95
178,223
133,137
223,142
95,89
99,76
217,136
178,223
95,5
70,117
5,73
223,133
223,190
178,238
5,50
217,223
217,133
95,5
217,133
5,95
5,95
89,95
50,89
89,78
217,133
89,95
5,50
50,89
142,228
95,50
89,95
133,178
217,223
179,136
133,217
89,95
217,223
217,223
95,85
217,178
178,223
5,89
133,239
178,223
50,95
50,95
217,133
133,223
178,133
95,89
95,89
133,223
89,104
223,217
217,133
89,95
89,95
217,223
95,89
217,175
223,217
223,178
5,33
217,178
5,73
89,65
223,207
89,5
133,223
89,50
95,50
89,95
217,178
217,178
95,96
89,95
89,95
223,217
133,217
17,22
133,178
217,178
133,178
223,178
178,223
50,95
5,77
95,5
217,223
217,223
223,178
95,50
133,223
178,217
89,50
217,223
89,50
89,95
217,178
133,223
217,178
153,234
89,95
133,242
178,223
89,5
89,95
192,147
217,178
217,223
179,242
50,95
217,178
5,95
89,50
95,23
217,223
222,247
217,223
223,217
50,97
178,223
217,223
89,5
178,223
223,217
223,217
95,50
89,95
217,133
217,223
217,133
5,95
223,178
5,89
89,95
95,71
133,201
133,178
217,133
223,133
223,217
89,50
5,63
89,95
95,25
50,17
5,89
50,95
95,89
50,99
217,223
223,178
217,223
95,50
223,133
89,95
217,178
89,5
89,50
253,166
50,95
133,217
89,5
133,223
217,178
133,178
178,223
94,5
64,30
89,50
217,223
223,133
89,95
89,95
224,135
89,95
133,178
89,95
178,223
50,89
253,168
148,136
217,223
50,95
5,95
217,223
217,223
95,5
89,50
5,95
5,95
50,89
133,175
217,223
169,196
178,223
50,95
223,133
142,209
223,217
89,45
89,95
178,223
89,5
178,217
89,95
99,2
50,95
133,223
89,95
89,95
5,50
89,30
223,217
5,51
217,223
51,30
50,95
95,18
50,5
68,101
5,95
89,50
223,133
89,95
89,95
223,217
95,5
223,178
95,50
223,133
133,178
50,95
95,50
143,169
217,223
223,217
217,223
5,17
178,223
95,89
89,50
178,223
95,23
5,50
5,47
95,50
95,5
133,223
95,89
94,9
89,95
223,146
95,65
178,201
95,50
5,80
89,95
169,182
178,217
178,223
95,89
217,178
50,95
89,54
5,95
50,95
50,95
5,89
223,133
5,95
5,50
217,178
217,178
223,178
217,178
50,95
217,223
223,217
95,89
217,223
217,223
95,89
133,223
95,89
95,50
133,238
217,178
89,95
223,133
95,89
178,217
89,50
96,23
217,223
217,212
223,217
50,89
95,89
223,178
95,14
50,95
5,47
223,217
178,217
217,223
217,227
223,217
95,83
133,201
89,5
5,95
89,14
95,23
50,45
223,178
50,95
217,223
223,166
5,50
123,119
133,178
223,217
50,95
95,50
95,5
89,95
89,95
5,89
5,95
95,5
133,217
223,217
5,89
89,95
89,95
178,223
223,133
133,178
217,223
89,95
223,217
89,95
89,50
217,178
89,95
133,217
89,95
89,47
223,217
89,95
253,194
133,223
145,154
89,95
133,244
95,50
89,5
133,223
196,143
217,223
178,223
133,178
217,223
235,141
5,89
217,173
178,223
89,95
178,133
223,182
178,223
217,223
95,50
95,50
133,178
133,223
217,225
178,223
5,89
133,175
217,223
145,253
217,164
118,13
223,217
133,178
50,95
178,223
5,95
50,89
178,128
5,89
54,50
95,5
223,154
133,178
95,5
95,50
217,223
95,89
50,89
217,133
5,95
217,245
5,95
95,89
133,223
89,95
223,178
178,223
89,95
217,223
133,223
169,196
178,217
89,5
5,52
89,95
223,217
50,19
89,95
89,5
178,228
217,223
178,217
223,133
5,50
133,223
89,5
178,133
217,133
54,50
89,95
217,191
217,178
178,133
111,70
223,133
5,95
95,50
133,178
8,65
89,95
217,133
95,89
133,217
50,84
133,178
133,223
217,223
5,50
50,95
89,50
217,223
178,223
133,217
223,229
178,223
50,95
89,50
133,217
178,223
5,95
217,223
133,184
119,20
5,50
5,95
95,5
95,50
178,223
89,50
89,5
133,178
95,23
89,95
89,50
217,178
5,89
95,89
217,223
179,208
50,17
223,151
217,133
5,50
217,178
95,89
217,223
217,223
89,95
95,89
95,89
89,50
54,34
217,223
217,178
228,142
5,50
217,223
133,223
223,217
95,89
223,217
95,50
133,223
217,178
178,217
217,178
133,175
95,89
89,5
5,50
89,50
223,217
223,133
5,89
178,223
178,223
217,223
133,178
178,133
133,185
217,178
217,178
89,50
223,217
178,217
89,95
89,95
89,50
217,223
217,157
133,223
5,95
89,95
5,50
89,50
50,95
249,207
178,199
5,95
89,50
89,95
223,217
133,217
95,89
50,5
143,211
95,89
178,223
89,95
223,217
223,133
50,5
111,70
95,65
89,21
223,217
217,178
50,89
95,50
217,223
95,5
133,223
5,89
217,133
178,223
95,18
5,95
5,95
89,95
5,50
178,217
95,89
89,95
217,158
133,223
133,178
217,223
223,217
5,95
89,95
133,217
217,223
5,95
89,95
182,159
89,95
89,95
95,89
5,95
178,217
50,95
5,48
125,83
178,146
133,178
5,50
178,217
217,133
5,50
5,73
89,42
50,5
95,14
133,223
50,123
217,223
217,178
223,217
95,14
170,179
217,223
70,42
5,95
95,89
89,95
89,95
5,95
178,129
182,178
50,5
50,60
5,23
50,89
217,223
5,123
133,223
217,167
249,233
223,133
89,95
178,223
5,89
178,133
178,133
5,73
178,217
217,206
178,223
223,217
133,178
223,217
89,95
50,95
217,223
217,223
217,223
217,180
223,217
178,250
95,50
223,217
143,211
217,223
50,85
50,95
89,100
89,95
5,89
95,50
223,217
133,217
41,68
178,246
95,5
133,223
217,185
178,133
223,217
81,42
217,181
89,95
95,89
89,95
223,217
89,95
223,136
217,223
217,133
217,223
223,133
89,5
89,95
50,95
223,178
133,178
95,47
89,95
50,95
217,178
223,217
5,95
5,47
50,5
5,89
95,89
89,95
50,95
133,223
217,223
95,89
178,223
217,223
223,158
209,170
178,217
89,95
217,178
143,162
89,5
133,131
133,217
5,89
217,223
223,178
133,217
133,201
133,178
253,200
95,5
41,68
217,223
178,133
223,136
5,95
223,217
100,14
217,223
5,73
111,42
5,89
133,223
50,89
50,95
5,95
50,5
133,201
217,223
95,89
89,95
133,217
178,223
223,217
5,95
133,223
217,223
217,223
89,95
58,113
217,223
223,217
217,133
133,148
89,50
14,81
89,95
5,95
223,178
133,217
217,223
133,223
5,50
89,50
249,171
133,223
143,211
132,178
178,223
133,223
5,50
5,89
235,249
89,95
133,217
95,89
89,95
133,201
5,95
14,5
223,133
95,89
63,96
217,133
95,92
133,178
89,95
50,95
89,95
100,14
217,223
178,179
133,223
178,223
95,117
223,178
239,170
5,89
5,95
95,5
5,50
133,223
223,178
89,5
133,217
217,133
5,50
89,95
223,151
95,89
95,50
89,84
217,133
217,133
217,133
246,193
217,223
50,36
95,5
95,50
133,217
95,5
50,95
217,178
217,223
217,178
217,223
217,178
217,133
178,223
223,217
89,5
223,178
95,56
89,50
50,5
95,89
89,5
217,129
133,178
133,217
223,217
95,89
223,217
223,217
178,223
50,89
123,125
223,178
5,95
133,217
95,89
223,182
50,3
5,89
95,50
5,95
222,221
5,89
223,217
95,89
50,127
89,50
95,89
89,95
17,80
178,223
223,178
223,217
89,95
223,217
217,223
217,178
223,217
95,89
89,50
89,95
217,178
89,5
223,217
50,95
217,223
50,95
217,223
223,178
50,95
5,95
217,133
133,217
133,178
133,210
178,217
89,95
68,15
133,223
99,73
89,16
95,50
133,223
223,133
217,133
217,223
133,175
5,95
217,178
178,223
5,95
50,95
95,93
89,95
89,41
178,133
5,50
217,160
95,50
223,133
178,223
178,223
113,58
5,89
145,147
217,223
217,223
227,194
5,89
5,71
133,223
89,50
95,89
100,119
217,223
50,89
133,217
223,217
5,89
223,133
95,89
50,95
5,8
89,95
178,175
50,95
95,89
89,95
133,223
133,223
178,223
169,156
50,5
89,95
50,95
95,5
217,142
89,95
192,203
253,208
113,58
217,133
178,133
217,223
89,95
178,247
223,217
133,217
95,122
89,95
89,95
223,217
217,223
133,223
223,202
223,217
89,95
178,223
95,50
217,223
5,89
217,223
5,122
217,237
178,223
50,117
50,95
182,211
89,95
68,41
64,54
184,133
50,5
95,89
217,223
89,5
133,247
50,54
223,151
223,217
178,133
89,95
95,50
95,89
241,133
50,5
223,217
217,223
50,5
50,95
217,223
95,89
50,95
50,28
178,148
50,79
178,223
192,168
223,136
89,5
133,223
89,77
191,248
223,178
217,223
50,95
50,17
133,201
217,223
251,247
146,133
89,95
241,186
223,133
89,95
178,133
41,124
223,178
50,5
223,217
89,5
223,217
217,133
133,223
50,89
95,89
217,178
89,95
217,223
89,50
50,51
5,95
133,199
223,178
223,142
121,10
5,95
133,128
5,89
89,50
95,50
178,133
99,26
95,5
217,223
95,57
143,211
95,89
95,50
178,217
133,217
217,223
133,201
89,95
47,94
217,223
178,223
217,158
89,95
54,45
223,217
95,5
89,95
95,89
217,223
133,223
217,223
95,5
50,5
95,50
223,217
89,95
131,217
5,95
50,95
89,95
223,133
95,5
50,89
223,217
133,178
50,95
217,223
178,223
223,133
223,217
178,145
192,211
223,217
95,89
178,223
50,95
5,10
208,253
217,178
217,237
50,5
89,95
89,95
133,223
89,95
223,133
178,217
217,223
5,95
95,23
95,5
89,95
217,223
50,95
133,223
217,223
50,95
217,178
223,142
178,223
5,89
89,95
217,178
5,4
223,178
217,158
222,230
5,95
223,217
217,223
133,178
89,95
5,89
178,217
217,223
223,151
89,50
95,115
217,178
95,23
178,223
223,151
133,175
223,217
50,16
95,89
5,89
5,95
95,5
81,42
133,223
89,95
217,223
223,199
217,175
89,5
133,223
5,95
94,59
178,133
89,95
5,50
89,9
217,223
217,223
143,211
95,51
5,95
133,217
217,223
217,223
95,50
217,133
50,95
217,201
217,178
143,207
217,178
223,217
89,95
5,95
217,206
223,217
89,95
223,217
5,95
217,223
89,94
217,178
89,95
169,157
217,223
217,223
223,247
217,223
95,5
89,5
95,89
5,95
5,95
145,237
153,234
95,5
95,63
95,50
223,217
217,223
95,89
178,223
217,178
223,217
5,95
223,133
100,119
178,217
95,89
95,89
89,95
50,89
58,75
223,133
5,92
178,133
89,95
89,95
50,89
178,217
133,143
223,178
95,50
178,223
133,194
89,95
133,201
89,95
217,178
120,116
223,178
50,95
178,223
217,178
54,86
133,223
89,95
178,131
178,217
50,5
89,95
95,14
5,20
50,89
217,223
217,178
133,223
223,217
133,223
5,95
223,133
50,5
5,50
223,178
223,178
95,89
89,95
217,133
133,223
95,89
223,217
5,73
169,146
5,89
178,223
186,203
81,42
223,178
133,217
217,223
223,133
217,178
95,89
217,178
217,133
89,95
217,223
95,89
223,217
223,217
217,223
89,95
95,23
178,223
89,50
178,223
89,95
133,217
178,133
178,223
95,5
89,116
95,14
178,145
95,23
5,89
217,133
5,95
217,223
95,14
5,95
223,133
178,133
5,6
5,89
95,5
95,89
95,50
5,39
95,5
95,89
178,223
89,95
217,178
241,133
17,57
217,189
89,95
5,95
89,50
178,133
89,95
95,50
89,5
95,50
223,217
89,44
95,89
223,178
223,151
217,133
95,89
223,217
95,93
217,223
89,5
217,223
5,89
5,95
217,223
89,95
95,50
133,217
178,223
89,50
217,220
89,83
89,95
223,217
133,217
133,178
217,223
89,95
5,89
223,217
178,223
133,217
89,95
133,201
133,223
217,223
217,223
89,73
89,50
5,50
89,95
217,223
89,50
89,95
217,223
133,217
95,74
217,223
217,133
5,95
217,223
178,223
34,65
89,50
217,223
223,211
95,50
89,50
217,160
217,223
50,89
95,89
58,75
100,14
50,5
223,178
217,133
89,95
179,191
133,178
133,135
217,223
223,178
95,50
5,17
217,223
50,5
47,34
58,75
89,50
178,244
217,133
217,223
89,50
50,76
5,95
89,50
169,143
223,217
178,217
89,95
95,89
222,220
217,223
89,95
217,223
95,5
223,133
5,89
50,95
121,83
223,178
17,57
178,223
89,95
223,133
178,223
95,50
217,160
251,178
95,89
5,41
5,95
89,50
89,95
223,217
133,223
209,192
5,95
178,217
223,217
249,137
217,223
5,95
89,5
42,94
178,223
95,50
217,223
5,95
178,223
89,95
95,89
95,5
89,50
89,95
89,95
133,217
133,223
178,225
133,223
217,178
217,133
178,223
217,223
89,5
223,178
95,89
178,223
95,50
95,8
5,95
95,89
217,178
133,217
89,95
89,50
217,133
223,142
217,223
89,95
5,95
5,95
217,223
89,95
223,217
223,217
5,95
223,133
89,95
89,50
178,223
192,211
223,133
133,217
133,178
5,50
95,50
217,178
217,178
50,5
217,223
133,223
217,223
89,95
50,95
133,157
223,133
217,237
5,89
95,14
125,65
94,66
178,223
133,175
89,95
89,95
223,178
89,50
50,89
95,53
226,179
50,95
50,95
133,178
223,217
133,223
50,95
133,191
95,5
217,223
95,89
5,50
217,178
89,50
50,5
95,89
50,95
170,179
223,217
95,89
89,5
50,17
89,50
50,95
133,217
133,217
217,133
133,178
223,138
133,223
223,178
89,74
95,83
178,133
89,5
143,207
133,178
178,223
223,219
178,133
89,95
95,50
89,51
178,223
95,50
148,192
178,223
89,95
95,89
178,223
125,42
223,217
5,89
89,95
89,95
217,128
223,178
89,50
95,89
133,223
178,223
178,133
223,178
89,95
241,186
133,223
217,178
95,89
50,95
133,223
217,223
222,143
95,50
217,178
223,178
178,187
223,217
217,223
223,178
178,223
89,95
217,223
95,89
178,223
217,223
5,89
217,223
217,133
217,223
182,139
95,89
217,223
95,89
89,95
95,50
217,223
223,128
95,50
223,217
217,223
119,100
223,133
133,223
133,223
95,89
89,50
223,217
136,193
50,95
20,94
217,223
178,133
217,223
89,95
217,223
178,217
191,248
228,247
50,33
95,50
186,203
133,178
50,5
95,5
217,223
89,5
217,223
50,98
223,204
50,95
223,178
89,95
95,50
95,89
50,95
50,95
217,223
50,97
5,89
95,89
89,95
125,5
89,95
89,95
89,95
50,89
95,89
5,50
217,196
217,223
50,2
178,133
223,207
223,227
78,99
50,6
223,217
217,199
89,5
74,100
178,223
5,71
133,223
217,223
95,50
89,95
89,111
133,223
223,217
89,119
223,217
5,50
217,133
223,217
50,0
217,178
95,5
5,95
89,95
133,223
217,223
50,127
95,89
50,89
133,217
14,100
178,133
50,89
217,223
50,95
223,133
223,131
5,89
86,5
50,95
178,171
217,223
223,179
89,95
223,133
95,84
50,95
217,247
217,223
5,47
202,228
217,223
133,178
223,151
178,217
133,223
5,73
178,223
223,133
50,95
133,223
89,95
5,23
89,95
217,223
178,223
223,217
89,95
133,223
89,95
217,235
5,95
75,89
20,64
17,121
178,175
95,28
95,50
89,10
50,5
223,142
235,248
89,50
50,95
89,50
95,5
95,76
217,223
89,95
95,89
193,223
56,5
217,223
95,23
217,223
5,89
217,133
223,178
14,81
50,5
223,178
89,95
223,159
89,5
95,89
5,95
51,53
178,217
95,50
217,133
95,89
5,89
133,178
95,5
89,5
95,50
178,211
5,89
217,178
89,95
5,95
5,95
217,133
95,23
133,217
178,133
178,223
217,178
89,50
133,223
89,50
253,241
50,92
63,79
41,70
50,10
25,17
169,196
50,8
223,178
89,5
83,79
5,95
217,223
223,217
95,5
5,95
89,95
50,5
178,223
217,151
89,95
178,133
99,12
196,143
89,95
5,115
89,5
95,5
217,133
95,14
95,89
133,217
95,5
50,95
178,223
95,89
133,217
223,178
89,95
89,95
89,95
223,142
178,223
50,95
217,223
50,95
192,140
89,95
133,170
223,217
178,217
217,223
217,191
217,223
217,133
50,120
89,5
217,223
133,173
217,200
5,89
223,133
50,95
95,89
95,5
223,178
217,212
95,5
89,95
217,223
178,223
133,223
133,223
50,95
223,217
223,217
50,95
223,217
217,178
89,95
223,217
178,133
217,199
217,223
217,223
178,133
178,223
89,5
178,206
217,223
178,217
223,178
95,89
133,129
50,95
89,95
5,8
50,89
133,178
133,217
217,133
94,43
5,95
217,178
89,95
95,5
95,89
50,95
89,50
169,178
133,223
5,95
178,223
50,63
95,89
95,5
95,5
133,223
95,89
89,95
178,217
5,95
50,6
95,89
123,119
223,178
50,95
223,217
179,208
223,217
95,89
5,95
95,89
95,89
89,95
223,217
217,223
133,217
178,133
50,5
228,247
178,133
89,95
5,89
217,223
133,201
5,95
5,89
50,54
17,95
100,14
178,223
223,217
253,226
178,223
217,223
182,241
223,133
89,95
96,58
95,50
217,223
89,50
217,214
89,95
95,89
50,95
5,95
217,151
95,125
50,95
133,223
178,223
95,50
178,223
178,217
95,50
50,95
95,50
50,95
89,95
89,95
223,217
253,226
217,158
50,95
223,133
5,89
217,223
20,8
217,178
202,228
217,223
89,95
223,142
217,223
178,202
95,14
249,230
217,223
95,23
179,191
223,217
81,64
223,217
223,217
178,217
95,23
89,50
89,95
89,50
223,178
133,223
178,150
50,89
223,217
133,223
95,5
50,95
95,5
50,95
223,151
223,217
178,223
223,133
50,95
5,73
5,50
89,95
178,133
217,178
217,223
89,50
89,95
50,5
94,110
133,217
133,178
223,133
178,133
95,89
223,151
5,95
89,5
133,192
50,89
223,178
89,95
178,255
178,223
178,133
178,211
217,223
217,223
95,89
217,223
89,59
89,95
89,50
178,223
133,217
95,5
89,95
5,47
133,217
5,95
89,95
217,223
133,205
217,223
223,217
217,178
5,50
223,251
217,148
223,178
95,60
50,95
217,178
223,178
68,15
217,178
217,223
133,217
5,89
5,89
89,95
95,89
5,47
133,223
178,223
50,95
178,133
133,223
50,16
133,223
89,95
235,141
249,192
50,122
133,223
217,223
5,89
89,95
15,34
217,133
95,50
253,226
217,178
5,50
133,217
5,95
223,178
54,96
186,187
89,95
95,23
133,223
50,89
5,50
95,89
89,95
178,217
100,14
89,5
50,17
95,89
89,50
95,89
217,223
50,5
89,50
217,223
223,151
5,110
133,178
223,178
223,217
178,223
223,178
178,223
95,50
95,89
50,17
217,223
95,89
217,223
217,223
217,223
223,217
5,94
133,223
133,223
5,89
5,95
178,217
50,89
217,223
89,5
133,178
178,217
89,95
217,223
133,223
50,110
95,51
5,95
94,2
95,5
133,223
106,98
89,95
223,133
5,50
89,95
89,95
89,95
178,223
223,178
178,223
50,89
5,50
89,95
217,223
133,217
5,89
133,223
5,95
95,89
95,89
89,95
5,95
223,217
89,95
121,61
178,254
89,5
89,95
95,5
133,178
95,89
89,95
133,217
178,217
217,133
5,89
178,223
217,223
223,217
95,89
133,223
95,89
133,223
95,89
5,50
151,211
50,95
217,223
223,217
217,223
223,133
95,89
50,95
5,95
178,223
89,5
217,223
95,89
95,89
5,95
178,223
178,145
223,133
5,58
217,223
95,50
223,217
224,225
133,223
5,109
223,217
223,133
5,50
89,76
89,95
133,217
223,178
211,234
50,95
217,223
178,217
217,223
50,95
217,185
50,95
95,50
133,178
95,39
133,223
5,50
182,191
192,151
95,89
63,120
89,50
133,217
223,133
50,89
196,143
95,89
217,223
89,95
175,178
223,167
223,217
179,176
89,14
17,50
95,89
178,223
133,169
54,50
148,136
133,217
217,133
178,133
89,95
89,95
223,217
50,89
50,42
95,89
95,89
217,242
89,95
178,223
217,223
50,95
89,95
223,217
217,223
95,50
133,217
5,89
89,50
133,209
133,201
217,133
5,95
217,164
96,51
223,217
89,50
89,50
217,223
95,50
50,95
50,95
223,217
50,5
223,179
133,178
5,79
123,119
89,95
121,18
191,224
95,50
217,133
50,5
95,89
95,89
50,5
50,95
148,192
133,223
50,5
20,8
217,223
224,153
107,13
95,50
89,95
178,223
178,133
89,95
217,133
50,89
217,223
50,89
50,95
89,50
133,223
5,118
89,95
178,142
227,168
89,95
217,223
133,223
89,50
217,178
95,89
223,133
95,50
217,223
217,178
51,45
68,15
133,223
89,0
217,133
133,223
89,95
100,119
217,192
133,223
223,178
89,95
50,14
95,50
133,223
89,95
95,89
5,50
95,5
223,133
133,217
217,229
217,178
217,223
223,133
95,5
95,89
100,119
89,95
89,50
95,50
223,217
50,109
50,95
89,50
217,223
95,50
178,223
89,50
123,125
223,217
133,175
133,217
217,178
217,223
95,84
217,223
133,223
223,217
217,178
178,208
217,223
133,203
217,178
217,178
223,217
89,95
223,178
50,5
178,217
217,133
143,162
89,95
217,178
178,223
89,50
178,217
95,89
217,223
223,217
89,95
178,133
217,223
95,89
223,217
50,95
89,92
95,89
217,178
227,152
50,123
178,223
133,217
133,223
178,223
178,133
223,178
89,95
50,93
223,217
89,50
133,175
223,217
178,239
95,89
217,223
89,95
133,223
89,50
89,95
178,223
223,136
217,178
223,217
178,223
81,42
5,95
133,217
95,89
50,95
95,89
95,89
95,14
217,223
5,95
50,127
95,89
89,50
5,47
5,47
95,50
50,5
217,223
217,178
217,133
5,89
89,95
5,41
89,63
217,223
95,5
223,217
95,79
5,50
217,223
217,223
178,133
95,89
95,50
95,122
89,95
178,223
223,217
217,178
50,95
89,95
89,50
217,223
95,89
50,95
5,89
50,95
89,95
133,223
5,17
223,133
107,13
133,178
178,194
217,223
217,223
42,111
5,95
89,50
95,5
217,178
217,223
89,73
50,95
217,223
5,14
217,223
178,223
217,223
89,95
223,217
178,133
89,95
178,223
68,15
50,89
217,223
217,178
178,223
99,51
217,223
95,89
178,133
170,205
89,95
217,133
178,223
89,42
99,65
95,50
241,186
133,217
5,89
95,89
178,217
89,95
5,10
89,95
217,178
95,50
5,50
89,95
223,142
5,95
133,255
89,50
217,223
133,201
89,95
121,24
178,217
223,217
223,178
5,95
133,223
217,133
95,89
95,89
223,178
217,178
95,89
50,5
222,246
95,50
133,217
64,119
89,95
142,209
50,95
95,89
217,223
89,5
217,223
178,217
95,89
5,89
89,50
89,95
217,223
223,133
133,223
89,17
50,95
95,89
95,89
223,217
133,223
178,133
133,223
178,223
15,79
217,223
217,178
50,95
95,89
5,89
133,223
5,95
50,5
133,223
95,89
95,122
133,223
95,5
5,95
223,178
50,89
217,133
89,38
89,95
178,223
89,32
217,223
89,50
207,211
95,14
223,217
217,223
217,223
133,183
95,50
235,141
5,50
95,50
50,95
50,95
89,50
95,74
133,223
217,178
193,227
223,217
133,201
178,161
178,223
143,151
50,39
182,183
95,50
5,95
223,178
178,223
95,89
217,230
223,217
178,161
223,178
89,95
217,178
50,95
217,223
89,95
5,95
5,14
50,95
95,89
5,95
217,133
223,178
5,50
125,122
217,133
95,50
89,95
95,89
50,95
133,223
5,95
50,96
95,89
133,217
217,223
5,95
133,223
50,95
50,95
217,223
50,95
5,95
223,133
217,198
95,89
95,89
217,178
133,223
50,17
50,89
223,133
50,5
223,217
50,94
5,95
223,217
89,5
223,151
89,5
89,95
178,217
223,217
228,179
5,95
217,223
133,223
50,89
178,133
223,211
178,189
89,5
223,133
47,98
217,223
89,42
89,95
217,201
89,5
95,5
178,223
223,151
50,95
5,95
223,178
50,89
223,202
217,178
95,89
178,133
89,95
50,95
89,5
217,223
133,227
95,89
89,5
133,192
223,217
148,136
133,176
95,50
178,133
15,83
223,217
95,89
223,217
89,95
133,223
178,223
107,13
95,89
133,223
217,178
113,58
95,50
5,95
95,89
133,223
95,89
133,217
95,50
178,223
125,73
217,223
89,5
5,94
50,95
133,223
133,217
223,178
223,217
217,178
217,223
50,95
89,95
89,95
50,95
19,50
95,50
5,50
133,203
223,217
89,95
223,142
217,224
50,89
217,223
89,50
133,223
223,133
217,178
217,223
89,50
169,196
249,161
95,5
223,133
133,223
133,178
5,73
95,73
217,223
178,217
5,95
89,95
223,211
95,89
223,178
50,95
133,223
133,178
217,223
89,95
178,223
217,223
192,211
5,47
217,178
178,133
223,178
217,223
133,223
133,178
133,217
143,151
95,50
50,89
223,217
50,95
89,95
223,151
89,95
223,217
50,5
133,217
148,136
223,133
89,95
133,223
95,5
95,5
223,217
89,95
217,206
133,178
223,217
217,223
89,5
191,207
89,50
217,223
217,223
5,95
14,81
192,211
217,223
50,95
217,178
5,95
217,223
217,223
5,63
217,223
178,217
223,217
89,95
89,50
5,50
217,223
64,19
89,95
133,178
89,95
133,223
223,133
89,50
223,133
223,178
178,217
223,133
178,223
89,83
223,217
178,133
148,249
217,178
89,95
217,223
223,217
50,95
217,178
5,95
5,89
50,95
178,133
217,223
50,83
95,5
191,248
89,95
95,5
223,133
178,223
17,95
5,95
95,5
217,133
89,95
95,23
178,223
50,0
217,223
89,95
95,89
95,5
178,145
133,178
217,223
89,73
217,133
50,95
223,178
5,95
58,48
95,89
5,95
89,95
217,144
217,178
217,204
95,79
192,175
5,41
178,223
178,217
217,178
178,223
217,178
223,217
50,95
89,50
223,142
178,166
50,95
95,5
217,223
178,187
223,217
5,95
89,50
50,95
217,133
5,73
217,223
50,95
89,95
223,178
50,95
217,223
95,89
133,223
89,95
217,223
95,50
15,79
5,95
95,50
89,95
95,50
217,223
133,217
217,223
224,180
89,95
178,223
133,175
95,5
178,223
133,223
89,5
223,217
5,50
178,133
54,66
178,217
89,95
125,5
89,95
223,199
5,47
133,223
223,133
223,133
133,178
5,89
178,223
50,95
217,223
89,50
50,95
50,95
217,223
95,23
89,95
5,95
89,95
133,217
95,5
217,178
89,50
178,133
217,223
73,79
50,95
217,223
50,31
95,73
50,42
89,117
89,95
223,151
89,95
89,50
175,133
133,223
223,217
178,133
89,95
89,95
223,217
217,251
99,86
178,223
217,133
133,223
223,217
89,95
95,14
133,217
5,50
178,223
217,223
223,178
217,223
217,223
235,141
14,95
217,223
217,223
133,201
95,89
95,5
178,217
50,89
217,223
217,223
217,178
223,217
178,133
223,228
223,178
133,223
223,178
50,5
178,211
95,89
95,89
223,217
178,223
95,5
223,217
223,217
89,5
5,50
89,95
217,223
133,217
17,80
89,95
178,133
95,5
133,233
5,95
89,95
89,5
89,104
133,178
89,95
95,89
217,223
253,200
54,68
217,223
50,95
98,51
223,178
95,50
89,95
50,83
89,117
89,95
5,95
41,9
50,95
133,178
89,50
89,50
95,5
5,95
223,133
133,223
217,223
5,95
217,223
111,83
95,23
95,50
89,50
95,89
50,60
223,217
50,95
223,217
114,50
217,223
133,223
217,133
179,164
95,50
5,50
50,89
50,95
5,95
89,95
50,5
89,50
23,89
217,133
89,95
226,179
217,222
217,178
95,89
95,14
89,95
89,50
89,50
89,50
223,178
217,178
89,50
223,178
217,223
217,223
95,89
217,223
5,50
89,50
89,95
5,50
133,178
89,95
217,133
223,133
5,95
133,217
50,5
178,133
133,223
5,89
133,178
217,178
95,50
89,95
89,95
89,5
95,89
5,50
20,64
95,89
5,95
133,178
89,95
50,95
223,133
95,50
95,50
50,5
95,89
95,5
217,178
50,63
5,89
217,178
89,95
217,223
50,85
95,38
217,178
95,5
178,142
5,50
217,133
95,50
50,95
50,101
5,50
5,107
5,73
178,167
95,23
217,223
133,154
217,223
217,133
89,95
178,217
223,217
5,95
5,50
133,178
50,5
217,154
89,50
217,223
5,95
133,217
217,223
5,89
217,223
223,217
217,133
133,223
89,5
50,22
50,123
133,178
178,223
178,217
178,133
223,217
133,217
89,50
223,217
217,223
133,178
217,223
217,223
89,95
223,151
223,217
89,50
217,133
95,50
217,133
223,178
217,223
95,89
5,50
95,5
89,95
133,223
178,223
217,223
89,95
50,95
223,217
223,142
95,89
223,217
223,178
89,95
95,50
217,223
89,95
89,95
223,169
178,133
89,95
5,63
133,217
217,223
89,95
217,223
217,133
50,5
50,5
50,95
223,217
50,95
89,50
50,16
95,89
182,178
217,178
89,95
217,223
217,223
95,14
178,169
50,117
223,133
95,89
89,95
95,89
50,5
89,63
223,142
89,50
95,89
95,5
95,5
95,89
89,54
50,5
5,94
133,201
217,133
95,89
5,89
223,217
133,217
178,217
89,95
133,223
5,95
223,133
95,89
178,223
95,89
5,50
5,95
217,223
217,178
178,223
5,73
95,89
96,99
89,50
89,50
89,95
89,95
50,5
217,223
5,95
253,229
89,5
95,115
223,178
217,205
133,223
133,178
5,50
50,30
15,79
89,95
223,217
217,223
50,116
179,241
178,223
217,223
89,95
89,95
89,95
50,89
89,95
95,89
186,241
217,178
89,77
217,223
217,223
95,50
50,95
89,95
133,223
95,89
5,89
95,50
79,83
89,50
89,95
223,178
68,15
222,235
217,223
95,89
223,178
5,89
5,89
217,211
178,175
223,178
234,198
95,89
89,95
223,151
217,223
178,223
50,95
50,95
5,89
50,95
223,178
50,95
192,136
223,133
217,178
178,217
50,5
133,223
178,217
50,20
178,223
223,133
217,223
89,95
133,178
50,89
133,223
50,95
5,89
223,133
178,133
217,223
223,217
133,223
5,89
89,95
178,223
133,175
217,223
223,217
89,95
178,223
179,221
222,246
89,50
95,89
95,89
133,248
223,133
50,95
217,178
89,5
217,133
178,161
5,73
217,223
217,223
89,95
89,95
94,11
89,95
89,95
223,217
223,133
223,217
145,194
95,89
223,178
223,217
5,89
95,84
223,178
217,223
5,95
95,5
133,175
223,142
89,50
171,222
5,93
133,223
50,95
223,193
142,228
178,170
5,93
5,89
133,175
217,223
178,223
5,50
133,217
89,46
89,78
217,223
133,222
89,95
95,50
133,223
5,89
89,95
217,178
178,133
50,95
178,223
223,151
217,223
5,95
89,50
89,95
178,235
5,89
133,201
223,217
5,95
95,5
133,178
50,113
89,95
223,178
178,217
217,223
223,217
89,116
178,217
5,42
50,95
95,5
89,95
223,217
68,15
89,95
5,50
217,223
192,243
246,170
89,5
217,223
95,89
89,5
223,133
50,5
217,178
223,178
95,79
5,89
223,179
89,95
89,95
5,54
50,95
5,119
217,178
50,95
95,89
5,95
89,95
50,5
95,89
133,241
223,178
223,178
178,169
89,95
89,95
133,178
133,178
217,133
217,223
50,17
5,50
50,89
50,5
95,5
133,142
89,95
223,217
223,133
217,223
5,89
95,50
217,223
5,89
89,95
95,41
5,89
50,5
178,133
217,223
223,217
41,102
178,181
89,95
50,95
192,195
95,89
95,50
89,5
143,207
223,217
223,178
89,95
223,217
217,178
89,95
217,223
95,50
182,221
95,23
95,99
223,133
20,8
95,5
89,30
217,223
89,95
89,50
50,5
89,5
178,223
95,5
50,89
178,223
178,251
5,50
95,50
230,223
95,89
223,142
95,5
5,73
178,223
223,178
95,89
118,65
89,95
5,89
95,89
95,5
178,223
222,185
96,66
133,223
50,89
223,133
133,223
50,95
14,81
5,73
217,223
89,95
223,133
95,26
50,46
223,217
95,50
89,95
217,178
178,223
133,178
50,95
223,178
217,223
178,133
223,217
95,5
95,50
89,95
42,94
89,95
5,89
5,50
50,95
5,95
95,89
15,79
217,223
50,95
228,247
133,223
223,178
100,119
95,89
178,223
50,89
217,178
51,42
95,89
89,5
178,141
95,50
217,223
178,223
223,151
95,23
223,217
50,95
133,223
217,223
89,95
89,50
95,23
50,5
133,153
50,95
217,133
70,42
89,95
50,95
217,178
133,217
217,223
5,95
223,217
217,223
95,89
178,133
94,83
223,178
133,212
178,217
14,81
89,50
178,223
95,89
253,213
217,223
209,141
224,241
178,223
50,95
133,223
178,223
133,178
217,133
89,95
89,50
217,223
95,89
178,223
178,217
217,223
89,5
95,23
5,95
217,223
169,143
50,95
89,95
50,31
89,5
50,89
5,47
89,95
5,73
96,67
5,89
95,89
95,89
178,223
133,145
178,189
5,89
133,223
95,5
133,223
217,133
5,89
95,50
95,50
95,5
223,199
133,223
133,175
5,58
247,251
217,178
223,217
89,95
5,89
89,50
217,223
50,95
5,50
178,223
95,89
5,95
5,50
89,95
15,68
95,5
217,194
5,95
50,22
217,178
223,217
5,95
178,225
5,95
5,50
50,5
223,133
50,95
217,223
89,95
5,95
50,96
178,223
5,95
249,148
50,5
50,89
89,95
223,133
223,217
95,89
223,178
5,95
89,5
178,223
89,5
217,178
133,178
89,95
217,133
223,178
50,95
95,14
228,247
223,133
217,133
5,99
50,20
217,223
5,110
89,95
217,223
217,178
217,133
223,206
217,223
223,217
223,178
217,223
217,223
100,54
223,219
89,95
178,223
50,95
223,151
217,133
89,5
228,133
89,95
223,178
217,178
89,95
95,50
89,95
50,95
89,5
178,133
217,178
5,95
223,217
133,223
223,133
50,95
5,89
50,95
89,50
95,89
217,223
217,223
178,217
133,201
217,223
95,14
89,50
223,178
89,50
5,95
95,50
217,133
178,224
178,223
50,89
89,80
217,178
123,95
5,95
178,223
217,223
133,178
96,54
5,73
143,162
217,133
95,50
178,223
217,178
223,133
217,223
89,95
133,223
223,217
89,50
5,95
223,142
50,95
178,223
223,217
223,217
133,217
178,133
5,73
223,238
95,89
89,5
89,95
133,175
217,223
50,89
89,19
95,50
95,25
133,217
133,178
89,14
246,141
223,178
133,223
89,95
178,223
217,178
5,95
217,223
89,95
223,217
5,10
217,223
95,50
217,178
217,178
95,89
95,89
5,50
5,95
50,95
89,95
178,212
223,142
89,5
217,133
95,89
95,89
89,95
133,178
223,181
217,223
138,217
178,217
50,89
217,223
217,133
223,178
217,223
89,95
192,207
217,178
50,95
217,223
217,133
50,95
217,133
5,89
133,223
89,95
223,178
223,138
50,60
95,89
217,202
95,89
50,95
223,178
192,136
223,217
217,133
50,95
217,223
89,23
50,95
50,89
133,217
133,178
5,50
223,243
217,223
78,89
50,3
95,50
64,114
89,95
133,217
89,95
95,50
223,217
5,95
89,95
178,223
223,217
50,5
133,175
5,89
217,133
95,89
223,133
5,95
89,50
223,178
217,230
178,133
5,95
5,50
217,178
113,58
89,50
89,80
89,3
133,223
223,178
95,84
217,178
14,81
133,223
217,178
95,89
223,217
133,217
217,223
223,217
89,95
50,121
89,95
217,223
217,148
89,95
89,95
217,223
50,95
178,223
178,217
89,1
217,178
178,223
153,234
95,50
5,95
133,223
198,187
50,95
217,178
89,95
89,95
169,151
89,50
5,95
178,174
95,89
50,95
5,50
133,178
133,178
5,50
223,142
133,223
133,217
133,158
223,133
5,50
89,95
64,39
133,142
5,89
133,223
89,95
217,223
54,50
43,50
50,95
89,95
217,145
145,158
223,178
89,95
178,142
95,89
95,89
89,50
223,217
95,50
133,136
217,223
223,178
50,5
178,223
5,47
217,133
217,223
196,143
63,42
95,89
95,50
133,223
178,212
217,178
223,217
123,119
178,133
89,95
5,95
95,89
89,5
133,201
50,5
217,223
89,95
5,19
89,95
95,89
99,47
182,161
89,95
178,133
5,95
89,95
223,178
50,59
95,89
133,201
223,178
182,132
5,89
178,223
217,223
95,50
223,133
89,95
89,95
133,175
178,223
5,95
5,50
133,217
50,95
89,2
223,217
5,95
50,95
217,178
50,5
89,95
89,123
223,194
50,63
170,226
223,217
95,89
223,178
51,56
217,223
113,5
50,95
89,95
217,133
217,223
217,205
50,95
5,95
89,95
95,23
50,95
89,95
217,223
95,89
100,14
217,223
223,178
217,178
133,217
95,50
178,223
217,146
133,223
5,89
95,5
217,223
89,50
178,159
223,217
133,223
223,133
192,147
178,223
133,223
217,223
5,50
223,217
178,223
50,63
133,217
95,89
89,5
5,95
133,223
217,223
133,217
95,11
95,5
89,5
217,133
217,133
196,133
178,223
178,243
169,198
89,50
50,56
178,223
217,178
178,223
217,223
50,5
5,95
95,5
178,223
178,223
133,223
217,178
89,95
223,133
223,178
217,178
217,223
5,82
20,121
217,223
223,133
217,223
89,74
133,178
217,223
223,178
223,133
5,42
133,178
95,89
178,223
178,207
133,178
223,217
223,217
50,5
217,178
178,151
89,95
223,217
223,217
223,217
217,133
223,217
223,217
50,89
217,223
178,223
223,217
133,223
217,223
89,95
89,50
223,178
217,133
223,178
217,223
178,128
50,5
178,223
133,217
5,95
95,76
89,95
5,95
217,178
217,223
5,95
95,50
217,178
20,64
89,95
89,95
50,95
121,73
50,95
217,223
217,223
50,89
217,223
89,95
133,217
50,95
217,180
217,133
178,133
133,223
223,133
89,50
95,5
217,223
133,178
20,8
95,89
217,223
217,238
192,228
133,217
178,223
89,50
178,201
89,95
5,89
217,223
178,223
133,223
51,91
63,120
89,95
50,89
89,50
89,5
5,89
178,223
178,223
133,178
5,95
89,95
217,223
50,95
223,133
178,133
118,65
89,45
50,95
95,50
133,227
178,217
5,95
50,95
133,223
217,223
223,217
217,133
5,72
95,89
5,89
217,223
253,217
178,230
89,50
95,50
178,133
50,5
217,223
89,5
50,95
133,223
217,223
95,5
223,217
178,223
50,89
50,89
50,95
217,178
217,161
178,217
217,178
178,194
223,178
178,133
217,133
95,89
178,133
89,95
79,54
133,223
217,223
133,178
63,96
223,178
95,89
89,50
217,223
5,89
249,200
89,95
50,5
133,224
133,223
178,217
20,64
217,223
50,95
223,217
223,151
143,211
133,223
178,223
217,223
89,95
89,50
89,5
89,95
133,223
217,223
178,219
223,217
50,95
223,217
217,223
95,5
89,95
217,178
223,217
223,178
50,89
178,133
223,217
95,14
133,178
217,178
223,217
133,217
95,25
95,23
223,178
89,79
89,95
223,133
5,89
178,177
47,20
95,5
223,217
178,223
65,79
50,17
223,178
217,133
50,5
223,178
217,178
50,95
217,133
95,50
217,223
5,47
95,119
89,95
178,223
133,217
178,217
107,13
5,95
89,50
133,223
95,89
217,223
50,89
178,223
89,95
133,223
89,95
217,184
50,95
217,223
223,217
89,95
223,217
217,178
5,89
89,95
133,202
5,95
50,53
133,223
178,223
217,178
89,50
217,138
5,89
95,23
89,5
89,5
5,95
217,223
5,95
89,95
95,50
133,223
95,89
217,133
50,95
89,50
32,74
89,5
133,178
50,95
217,223
5,88
89,95
50,95
178,223
89,95
217,174
89,50
89,50
50,95
89,95
133,178
95,89
50,95
89,5
5,79
223,178
223,217
5,95
145,208
217,241
217,178
89,5
95,89
95,5
95,89
217,133
178,217
217,148
5,89
5,89
223,217
217,223
50,74
145,223
228,202
89,95
217,223
217,223
223,217
50,5
178,133
217,223
89,95
217,133
217,223
178,223
5,50
5,89
5,50
5,14
95,50
133,175
95,89
50,95
178,223
223,178
133,223
217,178
223,133
95,89
217,178
89,95
223,217
223,217
89,95
133,217
247,223
95,71
133,178
95,89
50,95
178,217
223,178
89,5
199,217
89,95
95,5
89,50
89,50
178,223
50,59
95,5
5,89
133,201
178,223
217,223
223,178
89,95
241,186
209,170
5,125
178,217
178,217
50,95
89,95
217,223
50,89
217,133
5,14
89,95
5,95
133,201
89,95
89,95
133,223
223,158
133,217
223,217
50,95
89,17
50,89
95,82
5,89
145,151
217,178
89,95
94,34
178,223
89,50
5,89
14,81
95,89
89,95
217,133
5,71
5,95
223,178
223,133
89,95
223,217
89,50
217,223
133,223
89,95
133,217
178,133
89,97
223,133
50,5
50,95
89,95
95,5
223,133
223,217
50,95
89,95
217,223
223,255
95,89
217,148
5,73
50,95
178,217
50,5
89,95
95,5
89,50
178,133
203,217
178,223
223,217
223,153
217,223
50,95
179,170
223,217
89,95
5,95
95,50
95,89
178,133
50,5
89,50
133,223
133,223
217,133
223,133
100,119
50,95
178,223
178,223
217,133
217,133
89,5
50,95
50,95
133,223
71,50
223,133
223,217
223,178
133,223
89,50
178,223
95,23
217,223
5,18
192,179
50,89
178,133
133,217
217,223
217,223
89,5
133,217
95,50
95,89
178,217
178,158
123,119
89,95
89,5
178,238
169,146
133,217
50,17
223,133
253,250
133,255
95,5
170,226
217,223
223,217
89,50
217,227
95,75
50,95
178,133
133,217
107,13
89,5
133,203
5,50
217,223
50,2
95,18
95,89
217,133
5,50
89,95
133,217
217,223
95,89
217,196
133,217
217,223
95,89
5,89
249,204
50,43
133,178
89,5
178,133
133,223
89,95
217,223
95,89
223,238
50,89
217,223
223,178
223,217
133,217
133,217
133,217
5,95
89,50
223,217
89,45
5,95
217,223
50,89
89,23
217,178
5,89
95,28
223,178
89,50
178,133
178,133
95,89
217,173
178,217
63,96
50,95
133,217
95,50
89,95
89,5
133,223
133,223
50,95
179,143
223,133
89,95
41,51
50,89
89,5
95,89
95,50
5,89
50,48
178,133
89,5
133,178
89,95
50,89
89,14
95,89
133,223
89,4
178,192
50,95
95,23
50,95
95,50
50,95
95,5
133,187
178,217
178,223
217,178
217,178
95,50
95,89
178,185
89,95
191,248
178,133
133,223
89,95
89,95
95,89
217,223
5,95
50,95
133,175
178,223
89,95
5,89
95,5
133,140
50,112
217,223
51,83
217,223
217,223
178,248
50,113
217,133
223,217
95,30
223,244
133,217
89,16
178,223
217,133
209,170
178,237
217,133
5,66
223,178
192,136
217,178
178,133
5,89
50,95
50,5
5,89
5,50
89,114
223,217
217,223
178,223
95,63
89,117
198,170
223,178
178,217
223,142
89,5
95,89
223,217
50,5
217,168
223,178
68,15
50,46
217,223
217,223
89,5
50,95
5,89
89,5
142,209
217,223
89,95
5,50
64,13
217,133
95,89
223,217
217,223
217,223
95,89
95,50
95,5
192,211
217,223
217,223
223,133
89,95
5,89
133,178
133,178
253,184
133,223
95,89
50,89
89,95
5,95
89,95
217,223
5,50
50,95
50,95
133,223
89,95
95,89
178,223
133,203
89,50
217,223
217,223
50,95
223,230
217,220
178,223
50,95
178,223
223,178
5,50
50,95
178,217
217,133
178,223
50,95
89,95
95,89
89,95
133,178
223,238
217,133
148,136
5,48
217,223
223,142
42,98
133,178
178,223
89,50
95,50
89,95
50,95
89,39
178,210
95,23
95,89
217,178
133,178
178,223
50,89
95,5
133,223
89,95
89,95
89,50
178,223
223,142
223,217
89,50
89,50
217,223
133,217
95,89
50,89
133,223
89,95
178,223
5,95
133,217
89,95
50,31
223,178
223,217
50,95
182,150
217,178
5,95
223,133
50,95
89,95
50,95
217,140
5,89
223,178
133,129
5,95
95,89
89,95
217,223
95,5
94,35
5,89
133,201
223,217
95,89
223,133
223,217
178,211
89,50
217,223
133,223
89,95
223,217
89,95
178,223
89,95
5,89
95,89
95,5
89,95
50,95
217,178
64,84
89,95
95,5
89,95
217,206
95,50
223,133
133,223
95,89
217,178
133,217
89,50
207,211
133,223
89,50
58,77
217,133
89,5
94,99
95,50
217,178
223,217
89,50
95,50
217,133
89,50
217,223
133,217
217,178
95,89
217,223
223,178
89,101
89,50
95,5
89,95
178,223
5,89
223,217
42,51
133,223
217,223
5,95
223,133
5,95
246,193
178,223
133,203
133,223
95,89
89,95
89,95
5,50
50,89
42,51
217,223
118,42
95,89
5,95
95,89
217,210
89,95
223,217
133,207
191,248
95,89
217,178
217,178
95,50
133,223
133,142
95,50
89,95
89,95
5,95
179,227
54,74
50,89
50,95
5,95
50,5
217,223
178,133
95,5
95,89
50,5
217,223
223,178
178,217
178,223
217,223
5,95
253,226
95,89
89,95
95,89
223,178
217,223
133,144
191,207
223,251
89,95
89,95
224,216
68,15
50,95
50,89
89,50
169,166
133,175
217,223
95,89
50,89
50,89
89,5
133,223
5,26
50,89
133,223
179,156
50,95
89,50
68,15
89,95
133,178
50,95
95,50
50,20
133,178
217,223
89,95
223,133
217,178
217,223
50,95
217,223
217,223
5,47
217,133
50,5
89,95
5,95
89,5
178,223
5,89
89,50
239,198
217,214
178,223
217,223
95,50
148,192
5,73
178,217
133,223
95,5
178,217
217,223
223,217
142,217
133,223
5,47
178,223
15,79
89,5
217,223
182,248
50,60
234,198
95,89
5,95
89,50
95,50
95,23
95,50
223,217
192,211
223,220
89,5
133,223
133,223
5,47
178,217
133,217
89,95
5,89
223,217
95,5
5,95
223,133
133,223
217,223
5,50
95,89
5,89
178,223
95,38
50,95
5,94
95,89
133,207
217,163
50,95
217,223
95,5
133,178
133,217
223,133
3,95
50,95
95,50
217,178
217,178
133,217
95,89
89,115
89,50
178,223
133,223
95,89
145,143
95,89
217,223
100,14
50,105
5,50
89,95
89,5
217,223
178,176
89,5
95,5
178,223
223,133
14,95
89,73
5,89
178,223
179,251
217,223
217,223
223,217
89,50
95,89
217,178
217,178
217,178
89,5
89,95
95,5
178,223
50,89
89,50
178,217
178,243
217,223
95,5
5,95
133,178
133,201
113,58
89,95
5,81
89,95
133,223
5,89
89,95
223,217
5,95
5,50
5,95
89,5
217,171
217,238
95,89
223,210
5,89
217,223
50,95
51,31
178,133
5,23
89,95
217,133
223,178
89,95
89,95
133,217
95,50
178,217
5,95
95,5
89,5
178,217
95,89
89,95
223,217
95,89
89,95
223,133
89,95
133,223
217,178
50,95
95,5
133,178
50,89
223,178
178,133
89,5
223,217
217,227
178,223
89,95
133,223
223,178
178,223
89,95
50,77
89,95
95,50
182,217
95,5
5,95
217,223
5,123
95,50
50,5
217,223
178,223
217,178
50,112
223,139
217,223
178,227
89,95
89,95
223,133
95,50
89,50
5,89
50,95
5,73
89,95
89,95
178,183
217,133
178,133
50,89
89,95
179,191
95,122
95,14
5,50
95,83
50,78
217,178
50,17
50,95
178,223
89,95
89,95
89,50
5,95
89,5
217,178
95,14
223,217
5,47
95,14
223,178
5,95
5,89
186,187
50,95
50,95
95,14
223,217
89,101
89,95
95,89
95,89
133,207
223,142
89,43
95,5
223,217
50,95
95,89
89,95
50,95
133,217
89,95
5,95
217,223
95,50
251,247
217,180
228,142
95,50
100,119
95,5
89,95
223,133
217,158
89,95
217,133
133,217
95,89
95,89
223,133
89,5
5,95
178,223
89,95
178,212
5,50
5,95
223,151
89,95
178,223
217,201
223,204
217,199
50,89
54,127
5,89
223,195
95,89
99,113
89,50
133,175
50,89
5,73
217,223
5,73
223,133
89,95
89,50
5,95
217,133
89,95
133,223
95,89
222,186
217,133
133,223
223,217
89,50
217,178
223,217
89,95
217,178
95,14
133,178
95,89
20,8
95,50
223,133
223,217
50,95
95,89
223,217
217,173
95,89
64,51
95,50
5,92
217,223
217,223
217,223
217,223
125,98
89,95
89,5
50,95
223,217
89,5
95,5
95,89
89,50
95,50
217,178
50,95
217,133
133,217
5,50
217,133
5,95
178,223
133,223
217,223
89,28
89,5
89,95
133,175
178,144
5,50
95,50
89,95
95,18
89,50
217,178
178,217
223,178
249,220
95,89
95,50
223,133
50,4
95,89
133,207
217,223
89,95
89,95
223,178
5,89
223,217
95,5
50,95
89,5
89,50
178,133
217,147
95,89
217,209
217,223
95,38
89,50
223,217
5,89
95,89
217,178
178,223
217,166
223,217
145,249
223,133
95,5
133,201
89,50
223,133
89,95
178,133
223,178
5,13
223,217
217,223
178,175
223,178
223,133
20,8
217,178
50,95
95,17
217,223
95,89
89,95
89,5
249,192
217,223
223,178
133,223
217,223
89,95
170,179
253,226
217,170
5,95
178,223
223,251
95,5
47,5
217,223
253,133
178,203
217,223
95,89
95,50
5,95
89,26
223,151
223,158
223,151
133,203
50,5
133,175
223,178
95,89
50,95
95,50
228,247
217,178
89,50
50,5
100,54
89,95
89,5
89,5
217,223
133,223
217,223
89,95
133,223
50,95
89,50
95,89
178,217
133,223
95,89
217,223
95,84
133,223
5,95
217,223
89,50
223,203
89,95
95,5
5,95
50,95
89,95
89,42
223,133
89,95
50,95
5,73
217,133
5,89
89,50
217,223
89,95
95,89
178,223
50,5
95,89
5,95
217,133
95,89
133,223
50,89
95,50
95,89
133,178
5,50
217,133
217,244
95,89
217,223
241,186
89,95
95,5
217,223
95,5
133,217
253,187
5,66
89,5
89,50
50,95
217,223
223,217
20,121
217,223
5,29
50,100
89,94
217,178
56,5
89,95
95,89
217,223
133,223
5,89
217,223
178,217
89,50
223,178
5,89
223,217
223,217
217,223
227,178
247,228
223,178
15,79
178,223
54,70
89,5
217,223
223,217
50,95
223,217
217,223
95,50
178,223
95,89
217,223
217,223
178,223
89,50
95,89
223,217
223,217
178,223
50,95
217,223
5,95
133,223
178,133
223,133
89,95
178,223
223,133
223,217
107,13
133,201
178,133
5,89
217,133
133,223
89,95
50,95
95,50
50,23
50,95
178,133
89,5
234,226
217,178
89,95
133,223
5,89
89,95
89,95
50,95
5,95
5,89
133,223
95,56
217,223
89,95
133,223
217,223
222,160
196,143
178,223
50,95
89,95
14,100
95,50
50,84
217,133
89,95
89,95
95,5
95,5
217,223
217,223
217,223
223,217
89,95
89,5
223,217
217,223
223,178
50,122
89,95
178,217
89,95
95,5
50,89
223,217
223,217
222,129
217,223
95,50
133,223
50,95
133,175
223,217
50,95
5,73
217,204
133,223
223,217
217,178
217,133
217,223
178,133
223,133
133,223
133,178
89,95
107,51
89,95
223,217
241,210
89,95
217,223
68,41
223,178
222,188
217,133
89,95
178,133
50,13
133,223
223,217
95,5
143,162
89,95
89,95
89,95
5,89
50,13
5,50
50,45
133,178
223,178
95,23
89,95
223,253
95,50
217,238
89,20
223,133
133,160
5,95
217,178
223,133
5,95
95,89
133,223
89,5
182,242
118,111
5,95
5,89
89,95
217,223
217,223
50,89
95,89
5,95
50,123
178,217
95,5
217,223
217,223
95,89
5,95
217,223
5,95
133,217
217,223
222,133
89,95
95,89
223,133
223,217
95,89
217,133
5,95
223,178
95,89
89,95
95,50
95,89
20,106
178,223
95,5
50,5
89,5
89,5
89,95
95,89
89,95
89,95
133,145
50,5
5,95
89,95
217,223
223,217
50,95
217,223
133,220
178,217
95,89
95,5
50,95
95,50
15,79
5,89
223,133
50,95
223,178
217,223
249,148
113,58
89,95
217,235
223,133
217,223
133,223
223,133
50,5
89,95
96,99
143,162
223,178
209,217
95,5
5,47
50,83
5,50
95,97
95,89
5,89
217,223
50,89
223,217
217,145
89,95
223,178
95,5
178,187
133,247
178,223
178,223
89,95
223,217
178,223
223,217
89,95
223,133
95,50
217,178
178,217
5,89
89,5
223,217
95,50
217,223
133,175
217,223
223,217
133,223
95,50
223,217
217,223
5,17
223,217
89,50
89,20
178,223
217,223
251,247
50,95
217,223
64,49
198,170
50,124
178,223
5,89
178,223
217,223
89,95
239,207
178,217
223,178
50,89
169,217
89,95
89,123
5,89
50,95
133,223
5,95
5,47
89,50
50,89
89,50
5,94
178,204
89,5
178,223
50,95
95,89
178,223
223,217
89,50
217,223
15,79
50,89
178,133
217,223
95,89
178,223
217,223
95,115
50,93
89,95
50,95
50,31
185,227
223,178
5,89
95,89
217,223
178,191
5,95
50,95
5,95
217,223
223,133
89,95
178,217
133,178
50,5
133,217
133,251
5,95
63,96
5,34
133,217
81,42
95,89
178,217
95,89
89,84
95,5
5,89
223,178
179,241
95,14
170,179
133,217
95,5
95,14
89,50
41,67
95,115
217,223
142,209
209,192
223,151
125,75
5,95
95,89
5,50
253,158
50,95
223,133
217,223
89,95
223,217
5,95
133,217
89,46
95,5
223,196
50,95
95,89
89,57
5,95
89,95
223,217
217,196
89,95
89,50
50,89
217,223
20,8
89,5
5,50
5,73
223,217
224,144
89,95
133,175
95,5
223,217
217,178
217,133
178,172
217,223
89,95
133,223
133,217
5,95
50,20
148,136
133,217
99,32
217,223
5,113
95,89
50,95
5,47
253,134
133,210
95,50
217,223
95,89
133,223
223,133
95,50
89,95
50,95
217,178
145,212
50,95
223,133
178,133
95,50
89,95
217,243
5,89
178,217
178,217
217,223
223,178
95,89
217,178
121,20
133,244
217,178
217,223
89,95
133,178
89,50
133,178
133,217
217,133
50,95
50,95
223,217
217,223
89,95
89,95
95,89
94,36
95,50
95,89
5,89
178,223
178,217
89,5
95,89
178,217
133,223
95,5
5,95
5,95
95,89
217,133
95,50
178,223
223,238
89,95
217,223
223,217
223,178
50,89
133,217
178,133
89,94
64,96
89,95
223,193
89,50
5,95
89,5
133,201
89,95
133,217
50,5
223,217
89,95
223,178
95,14
89,50
50,95
89,5
217,223
217,178
5,95
133,223
95,125
95,23
95,89
5,50
5,89
133,217
223,133
217,223
5,50
178,223
5,52
50,89
100,14
133,217
217,223
133,211
143,207
178,202
133,223
133,223
95,14
50,95
178,217
133,217
95,23
50,95
89,95
178,223
133,223
89,95
95,92
217,245
95,89
133,223
5,50
223,217
95,25
123,119
223,244
224,235
223,217
217,169
217,223
217,223
89,50
217,223
95,89
223,217
178,223
95,89
89,95
5,47
133,178
50,95
95,5
63,120
50,95
217,223
178,223
133,201
133,178
50,95
89,95
223,211
89,95
141,235
178,166
217,223
95,5
50,89
133,217
50,89
223,178
223,217
5,17
50,57
223,178
50,95
89,95
217,178
133,179
217,223
50,5
178,217
41,100
217,223
217,223
89,95
223,217
89,95
178,223
223,133
223,217
178,144
51,54
217,223
89,95
217,133
50,5
133,201
5,127
178,223
89,95
50,95
217,223
223,178
95,89
217,178
34,58
17,121
133,201
217,223
217,178
217,223
50,95
223,178
217,223
89,95
217,223
89,50
5,89
89,5
95,50
89,95
5,34
223,217
95,89
223,178
217,133
95,5
217,178
223,133
217,178
217,223
95,5
89,95
217,223
223,133
217,133
223,217
95,0
95,50
133,223
89,95
223,217
17,121
63,120
217,223
89,5
223,178
223,217
217,223
133,223
50,95
5,95
178,133
223,133
95,56
223,217
5,95
211,239
217,223
89,95
217,223
118,17
5,89
89,5
5,50
133,223
223,217
178,223
217,223
95,89
217,223
50,10
217,223
95,89
217,223
5,96
5,95
89,95
223,151
5,51
178,223
50,70
191,170
217,223
89,50
89,50
95,89
50,89
133,199
5,47
95,14
133,223
223,177
223,217
5,95
217,223
89,5
89,0
178,247
223,178
223,133
217,223
95,89
50,5
223,178
89,95
5,89
95,5
217,133
95,41
178,217
5,95
178,217
89,95
217,133
89,25
5,77
50,89
89,95
89,5
89,50
95,50
50,95
217,133
89,50
178,223
89,95
50,95
178,133
133,178
95,23
64,33
5,89
217,223
50,20
217,223
223,133
89,50
89,95
50,95
178,223
223,217
95,89
50,95
89,95
223,217
223,217
217,223
89,95
133,158
217,223
89,50
89,95
148,136
89,95
5,95
223,217
89,50
50,85
223,133
5,95
95,89
95,5
223,133
133,223
133,178
5,50
223,133
89,5
5,47
217,223
50,95
217,223
42,94
5,95
95,5
50,5
133,217
95,5
217,223
50,8
217,223
50,123
222,152
133,223
89,5
217,223
178,223
50,89
207,182
217,223
5,95
89,50
95,89
95,5
217,223
89,95
217,211
178,223
89,50
223,217
133,223
89,95
89,5
121,16
178,223
223,217
217,223
89,95
217,178
89,95
133,246
217,223
89,95
50,99
178,138
89,95
223,217
188,178
5,95
54,47
133,222
217,154
133,217
178,138
217,178
5,47
217,178
217,223
217,178
178,217
223,238
217,178
217,223
223,217
95,5
95,50
5,73
182,207
217,223
223,238
217,159
89,95
58,113
5,95
95,89
217,223
5,95
89,95
50,95
133,223
89,95
20,8
95,47
95,50
100,119
50,125
217,223
89,95
25,31
217,223
223,142
217,223
217,223
223,133
228,133
95,50
95,5
42,89
223,133
208,178
192,156
89,95
133,217
89,50
95,89
217,158
223,133
133,189
89,50
217,223
123,119
192,211
89,95
223,178
223,178
95,89
89,95
50,89
50,89
223,133
178,217
217,223
5,89
178,217
223,217
217,223
178,133
50,95
217,223
133,217
5,95
89,95
17,46
223,217
217,130
89,95
217,178
133,223
178,223
133,223
178,250
89,5
178,223
89,95
95,89
50,5
95,50
217,133
217,178
5,95
178,223
50,95
133,217
223,151
50,95
191,248
50,89
94,118
5,89
133,182
5,89
133,223
223,217
223,178
133,223
145,187
133,223
178,176
217,223
95,89
223,217
5,89
178,223
133,223
50,124
222,158
178,223
223,217
5,95
89,14
178,223
217,223
50,95
133,223
217,178
223,142
133,217
133,175
95,89
89,95
95,50
178,223
223,217
50,81
178,251
95,89
217,223
217,163
178,210
89,95
178,223
217,133
89,95
223,178
223,133
133,207
223,217
89,95
89,119
223,217
178,223
89,95
58,59
99,83
178,223
133,217
217,223
95,5
89,5
223,133
89,5
95,5
217,178
178,145
133,223
64,13
89,95
89,95
5,95
133,173
89,95
133,223
217,223
217,223
5,89
133,175
217,223
89,5
95,89
217,223
5,95
178,223
95,93
133,223
223,217
50,89
50,51
223,217
89,50
178,223
5,109
95,89
145,160
89,50
133,217
133,178
95,5
5,95
235,141
178,217
223,151
169,196
186,241
217,178
121,94
223,217
133,223
223,217
89,50
217,223
50,89
217,171
5,95
223,217
95,50
178,217
50,95
95,89
133,162
89,50
217,178
133,223
133,178
89,95
217,152
89,5
89,50
178,133
178,223
95,5
178,223
217,229
89,97
217,178
89,5
223,217
89,95
50,5
8,94
89,50
70,42
94,123
223,217
50,5
223,151
223,217
95,96
95,23
178,217
95,89
217,133
223,217
133,178
133,223
5,50
95,50
133,217
50,99
223,217
217,148
89,50
223,217
95,89
89,95
89,5
217,223
89,95
223,178
95,5
95,89
95,5
5,95
50,5
217,178
223,178
89,95
95,89
95,5
217,223
50,95
178,133
15,34
217,223
178,217
217,133
50,89
94,20
223,217
125,107
95,5
133,178
89,5
178,133
133,175
178,222
223,178
50,95
89,95
223,217
228,247
5,47
95,5
217,223
89,95
95,89
5,89
193,163
50,5
223,217
5,45
178,223
133,178
89,95
217,251
133,178
89,95
217,223
217,223
217,223
217,223
41,70
223,217
95,50
223,217
223,217
50,95
5,50
178,133
89,8
89,5
223,178
95,89
178,133
178,223
5,89
95,56
50,95
217,223
89,95
89,5
89,50
217,133
217,130
223,217
50,89
89,5
178,223
217,223
95,5
50,95
223,133
95,89
169,178
50,5
217,223
50,95
133,217
50,95
217,133
133,223
217,223
89,95
223,217
95,50
89,95
42,5
223,178
95,50
133,223
217,223
95,50
5,95
223,217
89,50
50,89
217,223
223,245
178,223
5,73
178,133
178,217
5,95
249,196
89,119
5,50
50,95
217,223
178,183
95,89
178,223
217,178
95,50
223,178
133,223
50,95
89,50
223,217
50,26
89,95
50,95
133,223
68,15
217,223
217,133
95,5
223,217
217,223
95,5
223,217
133,178
217,143
50,95
178,223
89,95
223,217
89,95
223,178
89,95
95,89
89,95
5,83
178,223
217,255
217,223
89,5
95,89
89,95
89,95
223,178
223,133
89,5
95,50
50,5
58,79
89,50
217,223
5,118
178,223
89,5
5,50
89,50
223,133
178,223
223,133
50,95
178,235
217,133
89,5
223,178
217,178
89,95
95,23
178,223
89,5
89,95
133,178
217,223
223,178
223,217
89,95
223,178
5,95
95,5
145,133
95,89
89,122
224,211
223,217
95,50
95,50
95,89
89,50
50,89
133,217
217,223
50,5
5,50
5,95
5,89
186,203
217,178
95,5
143,207
95,5
217,223
217,223
217,133
89,123
95,50
50,5
50,95
217,212
95,14
223,217
133,223
89,95
223,151
178,133
249,222
223,217
50,5
217,223
5,95
133,201
5,30
170,222
133,217
223,217
89,5
89,5
95,50
5,73
217,133
223,178
217,178
133,223
50,5
223,217
89,95
223,178
100,5
50,95
217,178
223,178
107,13
89,95
5,50
178,217
133,217
223,178
249,152
5,95
217,133
178,223
217,223
95,89
95,23
178,223
178,217
217,133
95,89
217,223
223,217
95,5
89,95
5,95
50,18
30,5
178,175
223,178
95,5
95,23
223,151
192,202
50,89
95,89
89,95
5,115
217,223
89,36
89,95
50,95
95,5
95,89
95,89
217,223
217,223
41,25
160,202
217,223
89,50
143,162
95,89
178,223
217,223
178,217
5,95
178,223
133,223
178,223
95,5
217,178
133,175
89,5
223,178
217,223
5,73
95,5
89,83
223,133
192,136
217,178
95,50
223,178
95,89
5,89
5,50
217,223
95,89
133,223
217,223
89,5
50,95
223,142
217,223
89,95
41,79
89,50
89,95
223,217
223,217
5,95
89,50
223,217
89,95
178,223
95,89
133,217
89,50
95,89
89,95
50,95
202,228
95,75
100,14
178,133
223,217
178,180
217,133
95,50
50,89
95,89
5,47
133,223
217,223
5,50
95,89
89,95
89,50
217,133
50,0
217,223
89,5
178,223
50,5
142,209
217,223
228,247
217,133
50,95
5,95
133,217
178,223
217,130
133,178
95,89
217,223
178,223
89,95
23,95
223,178
100,14
217,223
89,76
95,50
50,91
217,133
5,50
5,95
133,223
133,217
223,217
217,223
89,95
89,95
178,223
217,178
223,217
223,217
217,223
217,178
223,217
178,223
223,217
217,178
217,178
50,95
223,133
133,223
133,217
5,74
89,95
217,223
95,89
95,89
50,95
95,89
217,223
133,178
223,217
217,223
228,247
95,89
223,217
217,223
5,95
217,133
223,133
95,89
95,23
217,178
95,89
95,66
89,5
89,50
89,78
178,133
133,217
95,51
54,17
217,133
89,50
95,89
178,223
50,95
50,89
223,133
217,223
5,95
95,89
50,95
95,50
247,227
178,220
217,148
217,223
95,89
217,223
133,217
133,178
95,23
217,133
5,89
95,50
50,5
217,133
89,95
223,217
217,223
223,217
113,58
89,95
95,5
145,198
17,95
223,178
89,95
95,89
178,217
217,223
63,96
217,223
95,89
223,178
5,116
50,95
5,50
217,133
223,151
217,223
133,223
89,50
178,181
95,89
133,175
223,217
217,178
113,58
89,95
89,95
217,223
223,133
223,151
217,178
133,175
5,73
217,223
178,223
89,50
95,89
217,178
223,133
121,96
50,45
5,71
217,223
5,89
50,89
95,50
133,223
223,217
81,51
217,133
50,121
89,95
217,223
89,50
223,142
217,223
50,45
50,95
133,223
217,178
5,73
89,95
5,95
68,14
223,133
223,133
223,217
5,89
217,223
133,223
89,50
95,8
223,217
47,34
95,109
223,133
223,244
50,5
223,217
196,169
5,47
50,5
50,55
178,223
89,84
5,89
133,217
178,223
178,133
223,217
145,240
89,50
160,202
95,89
217,223
50,95
217,223
178,217
89,5
89,50
217,223
186,152
89,5
217,223
89,123
95,89
133,223
95,50
5,89
223,217
41,31
217,223
89,95
100,119
95,5
5,50
89,50
95,14
50,95
5,95
228,247
223,217
133,223
148,136
217,223
89,95
133,223
217,223
50,45
89,95
133,178
50,16
162,142
89,5
217,223
89,95
133,217
5,89
223,217
178,223
217,133
223,217
95,89
178,133
217,133
89,95
207,182
89,18
95,23
5,95
178,223
95,89
113,61
50,95
50,95
89,95
223,217
223,217
89,95
217,223
133,217
217,178
17,96
217,133
89,5
95,89
217,223
95,50
50,123
133,175
89,95
217,223
50,89
217,178
50,95
193,246
133,223
217,133
133,217
223,178
217,223
253,223
182,178
217,178
89,50
178,223
95,89
42,51
89,95
15,34
133,178
116,89
217,223
95,50
50,95
217,133
95,50
217,223
95,50
223,133
50,5
217,138
50,17
118,65
223,217
50,5
95,89
5,89
223,142
89,95
50,5
89,95
121,59
95,50
133,223
89,50
133,205
23,95
50,95
179,128
133,178
50,5
5,95
95,5
133,223
89,95
89,5
217,223
217,223
217,223
217,223
223,142
178,217
5,95
133,223
50,95
14,81
95,49
178,223
79,83
95,89
223,217
89,95
133,223
89,95
89,95
223,217
178,217
5,73
50,95
133,217
5,95
5,41
217,178
95,5
89,95
223,142
75,79
133,217
133,223
178,191
89,95
223,217
217,133
89,95
133,217
223,178
133,178
217,133
89,50
50,95
217,161
5,89
178,223
89,50
178,223
217,136
50,95
95,50
223,133
223,178
50,95
178,217
178,223
89,95
178,217
217,223
217,133
217,223
178,217
50,95
95,89
5,80
223,178
217,223
253,223
133,217
50,70
50,95
223,217
5,89
89,5
217,223
50,5
217,178
89,95
50,95
223,217
133,223
133,223
89,50
223,133
223,217
89,50
89,95
5,95
223,217
50,95
217,235
217,205
70,42
5,89
133,223
89,95
178,223
223,217
217,223
125,17
178,217
50,95
133,135
148,217
50,95
223,217
89,95
50,96
217,178
223,217
89,5
89,95
217,223
50,95
223,133
89,84
223,217
148,192
133,217
133,217
208,178
50,95
217,223
217,222
89,5
89,5
5,89
89,115
89,95
223,220
178,223
89,48
89,50
95,89
50,8
50,125
5,50
223,178
95,89
89,50
217,178
95,50
217,223
223,151
133,217
95,14
178,223
227,210
95,0
217,223
89,95
89,5
95,89
83,106
133,223
133,223
89,95
133,223
217,223
178,251
178,223
95,50
89,50
5,89
95,20
5,50
50,39
95,5
179,141
133,178
41,68
148,136
217,223
95,89
5,62
217,223
133,175
5,95
133,178
89,95
223,217
217,223
217,223
95,5
50,95
95,94
95,50
170,179
228,192
133,217
95,89
95,50
223,133
89,95
5,95
5,89
5,97
217,178
121,64
133,223
178,133
95,50
223,133
223,133
133,201
5,89
133,223
133,223
89,95
133,223
89,95
223,178
42,51
50,95
95,5
89,100
89,95
133,223
217,178
89,95
178,223
5,95
223,151
89,95
89,95
50,89
95,50
217,223
223,178
249,208
223,216
217,223
178,223
5,89
95,14
217,178
89,50
217,178
50,89
89,95
217,223
223,217
217,178
95,42
5,56
5,50
223,237
89,50
50,95
50,95
50,89
133,217
89,95
95,5
223,133
95,89
50,36
95,89
217,223
133,178
5,95
5,89
133,223
5,50
5,89
217,223
5,95
89,50
89,50
217,223
223,178
5,95
5,57
178,223
89,95
95,89
223,133
243,223
133,217
50,77
50,95
95,5
145,251
133,223
217,133
202,148
95,89
89,50
178,133
223,217
95,14
217,223
223,133
50,95
178,223
42,51
217,223
133,223
223,178
217,223
51,63
5,47
95,50
217,133
223,133
14,81
89,76
223,178
95,14
143,207
217,223
223,217
89,95
89,95
54,5
89,95
133,178
89,95
50,47
5,89
217,178
217,133
178,244
50,95
89,5
234,226
133,223
223,217
95,89
223,217
95,5
89,95
95,5
178,207
89,50
5,95
5,50
178,223
217,178
223,178
217,223
5,95
89,50
95,68
95,5
133,223
133,217
133,217
223,142
89,95
217,223
95,89
217,223
50,95
95,89
217,133
50,95
5,95
50,5
95,50
217,178
223,217
5,61
50,89
89,95
133,178
192,244
50,60
89,50
217,223
223,178
95,89
143,162
95,89
95,5
95,23
217,223
217,223
50,5
89,5
89,50
133,223
142,209
51,109
5,89
89,50
50,107
178,223
95,89
217,191
217,210
89,95
217,178
133,201
217,251
5,95
89,116
50,95
178,217
50,89
95,50
178,223
178,172
178,217
95,89
89,110
217,223
89,5
5,89
223,178
95,89
217,223
217,133
223,178
133,237
89,95
223,178
89,95
133,217
178,133
50,95
217,142
178,133
5,95
89,50
50,89
133,223
89,95
223,217
50,95
89,50
95,89
178,223
89,50
5,47
5,50
89,50
223,217
5,89
95,89
95,14
50,5
89,95
50,95
133,217
89,95
217,223
50,95
89,95
95,89
133,178
217,223
133,156
95,50
217,178
95,50
217,223
178,223
99,102
89,5
217,223
133,201
95,89
89,50
95,89
178,175
89,107
89,95
133,217
202,227
89,95
217,223
5,17
50,95
133,217
89,95
223,178
217,178
89,95
50,89
223,217
50,71
5,95
223,217
217,223
142,209
5,89
89,50
133,178
178,246
133,191
50,95
95,50
223,133
50,53
217,223
217,133
133,178
133,217
95,50
5,89
89,95
133,178
89,95
5,50
95,50
50,89
223,217
89,95
89,95
178,217
217,223
217,223
217,178
95,89
196,142
5,89
5,89
89,50
148,192
223,217
223,217
142,223
89,95
5,117
133,223
178,171
217,223
133,223
89,95
89,95
51,119
178,217
217,223
133,223
15,34
178,145
223,133
81,5
217,223
50,95
178,171
89,95
89,95
5,50
95,89
95,89
89,95
50,95
50,77
182,134
217,222
133,223
89,5
217,178
223,217
89,5
217,178
5,68
217,178
95,89
217,178
89,95
95,89
5,95
217,223
50,95
178,223
133,223
95,89
5,77
241,186
217,133
50,117
5,47
50,5
223,217
95,123
50,22
50,95
95,50
217,175
217,223
5,95
223,153
95,89
89,95
54,124
95,5
100,14
50,95
133,217
133,217
50,46
41,127
95,5
223,217
54,5
223,217
5,50
5,95
5,81
133,223
95,89
89,50
223,178
25,106
95,94
133,223
89,95
178,223
20,8
223,217
32,74
5,89
125,5
95,5
217,223
95,79
95,5
50,5
217,133
5,95
50,95
217,223
50,95
50,95
95,5
133,223
217,133
223,178
223,217
133,223
133,175
223,217
223,217
178,223
217,178
223,133
217,223
178,223
5,73
217,223
223,217
121,20
95,89
178,223
179,191
50,5
178,223
50,89
95,5
217,223
95,89
50,95
217,223
5,95
133,223
95,89
89,70
133,211
50,89
89,50
217,178
5,95
178,223
89,95
217,223
217,131
217,178
217,251
89,5
89,50
89,50
5,50
89,95
89,50
95,50
95,89
89,50
95,89
133,217
89,50
89,50
217,223
50,95
50,89
223,217
89,5
17,99
178,223
89,95
223,178
217,223
5,95
217,223
217,223
20,8
223,217
217,223
217,223
178,223
95,5
50,89
5,95
178,223
217,223
217,223
133,223
95,5
223,217
178,223
89,95
133,217
5,95
217,223
89,57
95,93
178,212
95,50
89,95
89,95
217,181
223,217
5,95
95,89
50,13
178,223
50,17
5,50
5,73
89,95
95,14
133,223
95,50
95,14
89,5
89,95
145,254
89,50
15,83
50,95
223,178
5,123
223,133
95,89
178,217
5,50
133,223
95,50
178,227
50,95
95,89
95,89
133,178
133,223
113,58
89,95
217,223
178,217
178,217
223,217
95,50
5,95
133,217
169,157
223,217
50,95
223,217
89,95
217,223
89,50
5,38
223,202
89,95
217,245
50,95
178,177
95,5
89,95
178,223
50,95
95,89
50,95
178,182
223,133
178,223
95,50
133,178
89,95
223,142
95,89
89,95
95,94
223,250
178,217
89,95
223,178
217,223
178,217
5,95
89,95
95,89
223,217
133,223
95,14
121,93
133,178
133,223
89,95
50,13
217,223
223,217
89,95
89,50
223,217
50,95
223,178
145,223
178,133
178,207
95,89
133,223
223,178
89,5
235,147
217,223
50,95
95,50
89,95
178,217
5,50
89,95
95,50
217,178
95,50
217,223
133,178
145,208
89,5
223,217
217,223
178,170
217,198
89,5
217,223
5,89
223,178
217,223
5,95
89,95
50,61
133,223
223,178
119,99
223,178
50,5
223,133
217,178
217,223
5,95
223,251
133,217
89,5
178,223
89,79
89,95
223,217
142,209
89,50
50,95
95,5
178,217
5,95
217,133
178,223
217,223
89,95
89,5
223,178
217,178
133,223
145,172
89,95
89,50
95,89
89,95
235,141
133,223
217,170
133,175
178,217
5,95
207,224
5,95
89,5
223,217
217,198
89,5
133,217
133,217
5,50
133,223
133,242
95,89
89,95
5,95
217,223
178,223
5,95
50,30
89,95
95,50
253,226
223,216
223,217
182,161
133,206
95,89
50,95
95,50
95,89
223,217
89,5
95,89
89,50
217,223
5,50
5,89
50,5
217,223
50,95
89,95
50,95
89,95
89,95
50,18
133,178
89,5
5,95
5,50
50,95
133,134
223,217
217,223
89,5
20,8
50,5
5,47
89,95
89,95
95,50
89,73
41,26
50,5
217,223
95,89
179,247
5,73
133,254
50,120
217,223
89,95
133,217
89,95
95,50
50,95
89,95
95,50
133,223
95,89
5,50
133,223
89,45
50,5
223,217
217,133
95,5
217,223
175,148
89,5
95,50
178,217
178,223
133,223
178,223
178,223
223,217
95,50
95,50
133,201
89,95
178,217
223,133
89,95
178,223
133,223
89,95
15,83
5,89
5,89
133,217
42,81
95,50
95,50
178,223
95,50
95,0
223,245
223,178
133,223
89,95
89,95
5,95
89,95
5,95
133,175
133,234
95,89
223,178
89,95
95,89
89,95
5,29
89,95
5,89
5,95
223,178
5,50
5,95
50,95
223,217
223,217
95,89
223,211
223,217
178,133
95,5
178,223
5,89
106,70
89,50
178,133
217,133
89,78
133,223
217,223
217,133
89,95
5,89
89,95
89,95
133,223
95,5
95,50
89,95
89,95
217,178
89,95
68,15
95,89
133,217
50,95
133,223
89,95
133,223
223,217
89,95
178,223
5,95
224,203
89,95
223,217
178,223
95,89
5,89
50,89
217,223
89,50
50,100
5,89
223,133
95,50
178,223
5,73
5,95
5,95
89,50
89,46
133,223
223,217
217,133
223,178
178,223
217,229
223,178
5,89
133,217
217,223
89,95
89,95
50,95
133,178
89,95
89,95
211,234
217,178
5,50
217,223
89,95
223,178
133,178
63,96
133,217
223,235
217,178
89,5
50,89
15,79
17,3
217,223
89,95
223,217
178,223
223,217
95,89
217,178
223,217
178,133
95,89
89,95
50,5
223,133
223,178
63,81
217,223
95,50
239,139
217,178
95,5
223,217
170,179
133,223
217,223
5,118
133,217
95,89
95,89
178,223
178,217
223,217
50,89
89,50
217,178
192,211
95,50
50,5
5,26
5,73
95,18
178,223
217,178
5,50
89,50
178,148
5,89
217,223
89,5
89,50
217,223
50,110
223,133
223,217
89,1
178,223
5,95
50,5
133,180
217,223
133,217
89,50
89,95
133,223
178,133
223,217
89,95
217,133
235,179
133,217
50,95
223,178
5,95
133,178
89,95
178,223
99,105
95,89
133,223
228,247
217,133
133,223
89,95
89,95
223,217
95,50
143,211
217,133
223,217
79,63
50,95
89,50
223,178
223,151
50,5
50,95
133,223
133,223
217,178
3,5
89,95
223,225
178,217
95,50
223,217
5,73
223,217
223,217
89,95
217,178
223,178
50,95
89,95
223,217
50,92
95,89
182,147
50,89
178,223
5,89
50,20
178,223
133,223
5,95
89,95
89,5
217,223
95,89
95,5
89,95
5,95
95,30
223,178
217,178
5,50
223,241
133,217
89,50
217,223
217,223
95,89
50,74
95,5
178,217
217,246
50,95
223,133
223,217
5,63
217,223
217,178
133,178
89,95
178,223
95,89
5,95
89,110
179,211
223,142
5,73
133,178
5,50
89,5
178,223
217,223
133,223
223,178
145,191
223,178
223,133
5,95
95,89
50,122
178,223
217,250
217,223
89,95
223,133
5,50
50,95
133,217
89,95
95,89
95,5
89,95
113,58
89,34
89,95
50,5
178,217
133,223
89,95
95,50
217,178
95,89
5,89
133,201
89,95
50,95
217,223
89,50
95,5
5,95
223,217
133,217
5,54
133,223
217,223
5,95
133,251
5,89
50,89
178,217
95,89
95,89
217,223
133,217
217,223
191,224
89,95
133,217
5,95
95,23
89,95
89,95
89,95
5,73
133,178
50,95
217,223
253,188
223,151
89,95
133,223
5,95
5,89
223,217
83,50
217,223
95,89
89,95
223,133
15,34
89,50
133,223
133,184
133,217
133,223
89,95
217,133
5,95
5,89
217,223
217,178
68,15
89,54
95,50
217,223
5,89
95,50
178,217
50,95
217,223
89,95
50,95
95,50
89,50
178,133
178,223
223,217
223,133
89,95
223,178
223,217
89,95
217,223
95,89
95,5
223,217
217,223
50,89
89,5
217,223
95,14
17,104
89,95
178,223
14,50
95,89
223,133
133,193
223,133
20,121
64,24
74,20
89,95
89,5
133,223
178,217
217,178
217,223
239,170
95,50
34,111
89,50
217,223
223,151
223,178
143,207
5,94
223,178
20,121
95,5
89,95
50,89
89,95
217,223
50,82
223,217
246,170
5,89
217,223
95,5
80,50
223,178
89,50
217,167
217,223
5,50
95,89
217,178
95,5
96,15
133,223
182,133
50,95
223,133
125,122
223,217
89,95
241,186
217,223
95,113
217,223
223,217
89,50
217,133
89,95
95,50
179,161
89,95
133,246
178,223
125,50
95,89
95,89
50,95
217,223
178,133
178,217
95,50
223,133
223,217
50,95
217,223
133,223
5,89
217,131
217,223
178,223
89,95
5,89
5,95
217,133
5,95
89,76
223,151
5,95
133,223
50,5
50,5
223,151
95,50
89,5
223,178
217,211
89,95
223,133
223,151
64,1
5,95
217,223
133,223
217,223
96,51
133,178
95,89
89,95
253,223
89,95
89,50
100,14
178,133
5,123
178,174
223,133
50,115
133,223
217,149
217,223
217,133
5,89
95,5
5,47
64,17
249,180
178,223
217,223
95,50
133,217
20,95
50,89
223,217
191,224
133,182
217,223
89,95
217,223
5,50
223,217
217,223
95,50
178,223
133,201
178,217
170,222
50,95
89,50
217,223
133,217
42,51
133,223
89,50
133,223
123,119
95,89
89,50
89,50
89,95
223,162
89,50
50,95
95,89
217,178
223,133
89,95
217,223
95,89
217,178
89,121
223,217
50,95
223,217
89,95
178,223
50,95
95,5
95,50
178,223
217,170
178,133
178,223
20,8
217,223
95,5
95,5
217,223
95,89
223,133
5,95
223,217
5,95
223,178
223,217
223,133
223,178
223,133
133,178
63,96
223,178
217,223
133,201
178,217
223,217
223,217
95,50
5,89
228,142
95,89
5,50
54,100
217,178
95,89
89,95
89,95
95,5
170,179
