512,10000
351,345
473,389
351,345
89,95
306,351
345,351
51,19
261,351
95,89
223,178
89,95
89,95
89,50
178,217
306,261
389,479
217,223
473,479
223,178
133,223
178,223
351,345
479,473
133,223
89,95
350,257
89,95
389,434
351,345
178,223
261,303
351,306
223,217
223,217
50,89
434,389
223,133
89,5
79,41
434,479
95,25
217,168
351,306
362,351
217,223
95,89
345,351
95,5
473,412
50,95
345,351
261,351
479,434
89,95
217,223
306,351
5,95
473,479
178,133
473,479
351,345
178,223
479,434
261,363
473,479
473,402
389,431
178,133
351,306
89,5
95,14
479,473
389,473
217,178
473,434
133,223
133,223
95,89
217,178
261,345
178,223
473,479
217,223
89,95
434,410
5,89
351,261
15,83
133,217
351,306
217,133
5,89
217,170
473,479
381,326
217,223
351,345
345,306
89,5
448,462
389,457
473,479
345,261
89,95
223,217
223,217
434,473
50,95
217,223
351,345
217,223
473,459
178,223
261,329
345,351
434,473
5,95
217,223
345,261
227,157
223,133
479,473
434,479
434,473
5,73
345,280
89,95
351,345
89,95
345,261
223,133
261,306
473,479
89,50
351,306
351,345
479,473
306,345
261,303
351,345
352,280
345,351
217,223
5,89
434,389
223,217
217,223
351,270
434,479
345,351
83,14
389,473
345,351
125,79
95,50
178,217
95,5
389,479
178,223
50,89
479,389
95,50
473,479
351,357
228,142
89,95
223,178
50,5
95,5
95,50
345,351
223,217
223,217
479,389
223,217
434,473
306,351
100,119
479,434
261,351
434,479
234,133
50,5
345,351
133,217
50,95
434,479
479,473
479,389
261,329
95,89
473,479
345,261
89,95
133,223
479,473
217,178
473,479
50,95
351,306
345,351
50,95
345,351
50,89
83,106
479,473
95,23
351,372
473,479
5,89
426,435
261,345
95,89
89,95
345,351
223,133
5,95
479,477
64,13
345,303
217,223
306,345
479,473
351,306
192,211
95,89
178,243
473,434
217,223
95,83
50,79
345,351
473,479
223,219
345,351
473,479
89,95
5,73
5,95
345,306
95,5
306,351
306,311
351,345
479,434
89,95
473,479
133,202
479,473
297,306
261,351
374,321
473,479
479,473
50,5
133,217
261,371
434,479
83,14
389,434
306,351
217,223
89,95
434,400
133,223
89,95
479,389
479,434
89,50
95,5
89,5
306,353
5,89
95,89
479,473
479,434
351,270
217,178
178,133
434,407
223,217
89,41
473,434
133,222
261,306
473,479
5,95
261,303
434,473
50,95
89,50
42,51
479,467
479,473
217,223
479,434
223,217
401,473
95,89
306,351
351,345
50,95
95,89
178,223
345,351
345,351
178,223
223,217
95,89
95,50
133,217
95,5
5,89
89,50
133,217
261,306
261,351
261,351
223,217
276,320
5,73
50,38
223,217
95,50
217,223
133,217
389,479
473,479
217,178
178,223
89,5
95,89
89,95
434,479
261,351
89,68
345,261
50,95
389,473
217,223
89,95
389,431
5,110
345,261
345,306
178,221
351,345
306,345
133,217
479,473
351,345
389,457
178,217
479,389
50,109
50,95
345,306
95,50
473,479
425,452
95,89
261,345
261,329
95,5
121,5
95,23
217,210
345,306
133,178
261,345
261,351
217,223
389,473
306,342
306,351
178,223
217,178
261,351
253,193
345,351
178,223
473,479
89,95
217,223
473,390
178,223
5,95
473,384
89,5
479,473
473,479
389,473
389,414
50,95
473,389
261,303
479,473
389,479
217,223
261,345
261,351
345,344
345,351
273,312
50,95
89,95
96,5
133,223
345,351
451,473
89,95
434,389
434,389
298,307
89,95
143,207
345,261
473,479
351,261
89,95
89,84
223,217
89,5
345,351
389,479
479,389
99,48
306,351
89,95
479,458
178,211
306,278
473,479
50,95
473,479
351,306
178,223
217,223
337,298
434,448
133,223
261,306
223,217
95,89
389,473
89,95
389,479
473,479
253,168
473,389
351,306
5,95
5,47
479,389
306,351
223,178
389,479
261,329
351,261
223,217
133,217
5,50
473,479
261,345
345,261
473,479
217,178
345,261
473,479
217,223
13,64
217,223
217,133
217,223
223,178
50,95
434,479
434,473
473,479
389,479
95,89
5,50
479,473
389,473
89,5
479,473
480,470
5,95
473,449
345,261
95,89
89,95
345,351
223,217
178,193
389,479
223,217
223,178
261,345
320,356
306,345
217,223
89,50
345,351
89,5
95,89
479,473
178,223
363,345
89,95
381,351
389,434
479,434
5,95
351,261
217,178
217,223
133,217
479,473
217,223
95,14
479,473
99,89
217,251
89,95
223,179
133,223
473,389
389,473
241,186
50,127
223,133
223,151
133,217
306,351
473,479
306,351
133,175
223,178
261,306
351,306
351,345
261,351
306,351
404,448
479,434
261,351
217,140
389,479
351,261
133,217
217,223
133,178
50,95
133,178
261,351
217,133
473,434
479,493
133,223
217,178
473,457
473,479
261,306
505,511
5,47
479,473
217,223
345,306
345,261
345,351
345,351
95,89
351,345
58,75
345,306
351,306
50,5
162,239
217,223
376,298
306,351
5,77
133,223
306,351
473,434
89,5
479,398
351,270
191,224
50,5
217,133
345,306
307,379
95,5
95,89
217,133
351,279
351,378
95,14
336,306
306,261
133,223
133,223
178,211
119,99
5,95
389,434
178,225
434,479
473,434
50,120
434,479
479,389
479,463
473,479
50,5
5,95
345,259
389,434
5,95
89,95
479,473
473,479
50,95
306,345
473,479
261,306
389,434
50,95
182,224
133,204
306,351
306,351
89,5
345,351
95,5
30,95
227,208
345,306
50,5
473,434
473,479
479,389
261,351
95,89
337,298
20,64
89,95
133,217
207,143
217,223
345,351
345,351
307,304
345,351
133,178
217,223
223,178
473,479
178,133
306,351
473,479
133,217
473,479
133,157
479,389
434,389
15,79
217,223
261,329
89,95
217,133
307,312
473,479
434,479
434,479
473,479
5,50
351,306
95,50
479,473
479,434
217,133
375,264
479,473
306,351
50,95
479,473
261,351
261,351
434,479
89,95
217,148
223,142
479,398
351,345
351,345
434,479
95,50
5,95
473,434
389,431
178,133
89,50
5,89
95,89
345,351
133,217
473,389
306,370
89,95
95,5
133,223
217,223
389,479
473,479
89,30
89,56
89,95
479,407
261,375
473,479
179,154
5,50
473,479
50,89
89,95
416,458
473,479
133,178
345,261
434,473
473,434
389,502
89,45
479,473
133,223
5,50
351,345
434,389
217,223
223,178
217,223
41,2
345,351
345,351
389,479
261,303
217,178
217,223
479,467
95,5
178,235
473,434
223,217
133,217
5,89
473,479
473,479
261,351
217,133
306,261
223,217
434,473
345,351
434,479
178,133
217,223
178,217
95,14
178,223
64,70
95,5
5,95
479,473
217,178
89,97
389,479
89,95
345,351
191,248
479,389
50,5
345,351
261,351
434,473
473,479
434,389
178,211
261,306
389,434
404,497
389,473
345,351
178,133
217,178
473,479
345,351
351,345
178,223
95,50
223,217
306,351
178,133
95,68
473,479
217,223
50,95
223,148
178,217
473,466
5,47
356,375
89,95
223,178
306,351
178,223
133,201
223,133
5,95
178,203
351,306
345,351
133,223
178,223
178,217
389,431
479,473
351,261
217,223
306,351
133,223
246,223
345,351
351,306
95,5
217,178
223,133
473,479
89,95
306,351
95,97
351,306
271,339
351,345
306,351
351,306
5,50
89,50
95,5
178,133
95,89
273,351
217,223
473,434
95,5
133,223
345,261
223,133
217,223
425,407
306,279
473,434
479,473
133,223
64,99
89,5
389,465
389,507
217,251
178,133
79,54
389,434
351,306
95,14
178,246
95,89
178,223
5,95
50,14
133,223
306,351
261,306
434,479
89,5
345,351
473,479
223,217
89,95
479,473
351,345
95,50
434,479
223,217
351,281
261,351
306,351
217,133
261,351
217,223
389,479
95,5
345,306
217,223
306,351
89,95
479,389
89,95
5,95
217,133
95,89
473,479
261,351
351,345
50,95
389,407
223,217
479,473
389,479
473,479
479,434
95,89
5,95
133,217
50,95
89,50
133,217
473,389
351,306
479,434
89,95
286,306
50,98
89,95
5,95
95,23
170,226
182,173
351,345
217,223
306,261
50,95
479,473
434,479
178,223
261,351
89,50
261,351
479,389
178,133
217,182
381,295
473,479
89,50
223,133
345,261
217,223
468,479
434,479
42,51
50,95
351,261
244,133
5,95
473,479
5,95
351,345
261,304
261,345
5,50
89,95
89,95
217,178
261,345
261,306
434,445
95,89
345,351
345,351
217,223
178,223
50,89
178,223
479,389
345,372
351,345
133,217
133,217
479,389
89,50
178,133
89,95
351,345
223,133
5,50
50,5
50,95
434,423
133,217
351,261
479,473
306,261
89,95
50,88
479,473
223,178
473,479
50,95
306,261
223,178
434,479
223,178
178,217
178,223
389,473
89,95
473,457
217,178
133,175
345,351
223,210
133,175
509,410
479,473
345,261
434,466
89,95
401,504
473,479
217,223
178,212
351,261
473,434
133,201
351,345
5,89
306,261
5,50
50,5
5,47
381,336
89,5
217,178
479,389
351,306
113,58
89,5
223,147
223,142
95,89
261,329
95,89
479,398
473,479
89,5
50,5
261,351
89,95
223,217
345,351
434,389
351,261
5,89
89,95
261,345
306,351
448,393
306,351
89,95
89,50
473,479
467,434
50,5
182,160
303,378
89,95
5,50
50,79
479,398
178,223
389,397
389,479
389,479
223,133
95,5
351,345
89,95
54,81
261,351
473,457
89,5
479,473
261,351
50,11
133,217
133,223
306,345
95,5
345,351
5,79
217,223
389,479
179,158
223,217
307,304
178,223
306,351
351,354
217,178
306,351
89,50
389,479
228,247
95,89
50,77
434,479
89,32
379,381
355,334
479,434
89,95
5,95
89,14
5,89
473,479
178,223
5,50
479,473
217,223
89,95
473,434
89,50
217,223
95,50
261,345
345,351
345,261
89,5
178,219
473,434
261,351
217,223
473,389
434,479
89,95
17,111
306,351
222,174
133,178
324,271
306,351
479,389
5,95
95,50
389,473
133,217
217,178
133,223
434,473
228,142
261,351
351,279
434,479
133,223
133,221
473,503
145,223
261,345
351,306
217,223
217,223
473,434
5,95
178,223
217,223
473,479
148,192
50,123
223,133
276,320
473,479
261,351
351,261
399,418
223,217
306,351
351,345
95,71
261,351
193,242
434,473
479,389
217,133
320,339
389,473
89,109
133,223
345,306
133,217
178,217
479,473
479,473
351,306
261,345
5,50
261,306
479,398
95,56
217,223
133,223
217,223
95,5
89,95
217,223
345,306
345,351
345,351
389,473
5,89
473,434
434,473
89,50
5,89
473,389
217,223
502,449
249,173
89,5
5,89
479,473
473,479
223,178
217,142
389,434
479,389
369,307
223,178
50,83
95,89
351,279
89,5
217,223
5,20
178,251
345,261
314,333
306,381
345,306
473,389
217,133
95,89
389,473
351,345
89,78
351,261
389,434
133,217
261,351
351,345
15,34
217,133
50,89
479,473
473,389
389,434
345,306
261,351
351,345
95,89
434,389
223,217
133,223
5,14
223,217
345,306
95,50
133,223
99,46
473,479
307,356
133,185
479,455
133,217
261,287
89,5
479,389
217,178
178,223
89,95
223,133
223,178
389,434
133,217
389,479
223,133
217,238
261,345
389,473
434,479
479,473
50,95
247,251
261,345
479,473
89,95
223,178
434,479
217,178
50,83
473,479
50,89
479,473
473,479
95,56
95,5
479,389
217,222
473,479
133,138
217,223
89,50
133,223
50,89
89,95
133,175
356,375
89,95
473,479
5,89
345,306
223,217
261,351
377,262
389,434
434,479
306,261
381,266
5,50
223,217
351,261
133,223
217,178
217,223
223,217
178,223
434,508
178,133
217,223
306,261
89,5
178,133
351,345
223,133
261,345
95,89
95,5
479,389
95,50
223,217
95,5
389,463
89,95
261,345
351,306
89,50
234,226
479,434
50,95
306,351
223,145
473,479
351,273
217,223
223,217
345,306
95,23
479,473
5,95
5,50
351,345
261,351
89,95
178,133
399,467
479,389
306,351
434,429
473,479
479,389
345,351
89,50
351,306
5,89
269,363
351,345
345,351
50,95
217,223
192,209
375,356
89,50
434,479
175,217
89,95
351,345
95,14
5,95
89,95
95,50
217,223
434,423
95,5
351,345
473,434
217,133
389,434
5,95
479,473
261,351
434,466
89,95
497,442
434,410
345,306
5,89
5,47
5,47
50,95
217,133
261,351
479,508
345,351
345,351
95,89
479,473
351,306
50,95
345,261
261,329
217,223
351,345
306,351
133,201
5,56
50,89
261,329
479,394
479,473
95,5
389,473
479,434
261,351
351,306
345,351
50,44
223,217
223,178
401,509
178,133
473,460
89,5
351,306
261,345
217,133
345,306
217,223
261,345
473,479
473,479
479,473
345,351
502,426
473,389
434,389
320,371
351,372
5,20
133,217
389,473
95,89
95,50
473,479
178,133
351,261
89,95
95,79
479,473
306,351
217,176
306,261
5,50
448,467
473,479
479,389
345,351
143,162
95,23
89,5
143,207
223,146
345,351
95,89
223,133
467,490
178,223
351,273
89,95
95,89
223,217
345,351
479,473
351,306
345,351
169,207
351,261
217,133
473,479
217,253
41,20
50,95
217,223
100,14
95,89
68,15
345,261
133,245
95,89
351,261
5,50
5,95
478,473
89,40
217,223
153,234
479,473
261,351
63,96
261,282
389,473
306,351
89,50
118,42
178,223
473,479
473,389
133,178
351,345
473,434
95,89
351,261
434,496
351,345
389,473
479,473
178,223
5,95
5,89
351,306
5,95
217,223
345,351
389,473
345,351
50,95
261,351
217,207
425,509
95,5
401,470
434,479
211,224
178,223
95,5
211,234
473,396
50,28
50,54
351,277
170,226
133,217
479,473
133,223
95,93
217,223
473,479
306,261
473,479
5,47
178,168
473,479
217,223
434,389
95,89
133,223
261,351
261,345
345,351
306,351
217,178
389,479
479,398
351,270
89,95
217,223
351,306
223,217
345,351
345,351
95,50
50,5
5,95
473,434
5,84
473,479
351,345
345,351
434,479
133,223
217,223
223,178
351,261
217,178
223,151
133,175
5,50
261,351
217,178
133,223
479,473
133,178
133,223
217,133
95,50
345,351
479,398
5,30
389,431
345,357
389,473
50,93
497,432
178,223
345,368
95,89
89,95
351,306
473,479
434,470
345,351
89,95
178,141
345,351
96,83
261,351
95,89
217,223
223,217
5,89
89,95
95,50
479,473
351,312
447,504
306,345
473,479
223,178
133,217
217,133
389,473
217,223
306,351
50,52
89,95
95,5
479,407
223,178
480,388
95,5
95,89
479,389
133,178
50,95
261,306
223,217
434,473
217,133
217,178
217,178
222,237
473,479
222,225
479,473
389,475
473,479
95,50
95,5
223,217
217,223
89,95
217,223
238,223
133,217
89,50
5,95
434,479
5,89
479,389
89,95
5,39
261,351
351,345
345,351
89,45
133,173
170,246
133,223
473,434
89,95
345,261
479,473
223,217
345,351
217,178
95,50
306,345
99,3
89,95
473,479
351,345
217,223
351,306
89,23
389,434
89,95
5,34
306,345
223,217
5,95
261,351
217,133
261,351
133,223
5,47
418,398
169,202
223,245
217,223
389,473
5,73
431,482
50,95
473,479
473,434
223,178
434,479
89,95
479,434
222,246
89,5
389,479
306,351
89,95
261,345
95,5
217,223
89,95
133,223
217,223
345,351
307,289
345,351
434,479
133,223
89,95
223,217
178,253
5,50
479,473
89,5
351,345
434,473
351,345
261,306
351,345
306,351
345,351
351,345
217,223
133,223
133,223
223,217
389,434
351,345
217,133
95,5
133,178
306,297
133,217
345,351
50,41
178,223
320,339
223,217
345,261
473,479
95,42
306,351
217,223
133,175
95,46
121,50
223,251
125,98
223,199
217,223
473,389
178,223
434,479
307,363
351,306
389,416
479,389
95,89
223,178
178,223
89,95
217,223
217,210
479,434
89,71
217,223
479,398
5,89
223,220
50,95
434,484
50,5
479,473
473,389
217,223
89,95
50,5
178,217
351,345
473,479
434,479
261,351
5,89
479,473
345,351
306,351
345,351
50,5
133,223
89,50
345,306
133,178
261,351
89,95
89,5
351,261
95,50
473,389
434,479
241,217
473,434
261,351
50,65
5,50
389,434
217,133
50,95
178,217
473,479
261,345
95,5
473,434
306,261
261,351
89,95
351,345
95,89
473,434
133,217
261,345
345,351
351,261
479,434
351,345
223,178
345,351
217,223
95,89
211,142
89,50
310,295
89,5
479,473
473,434
351,345
223,217
473,479
261,345
196,143
351,261
223,133
179,133
223,206
178,133
345,306
95,50
223,217
379,276
5,50
217,223
505,404
223,217
54,31
473,389
50,95
50,89
261,303
473,434
89,50
479,434
192,154
351,379
473,434
479,473
54,41
351,345
89,95
351,331
5,73
249,137
89,95
95,80
178,223
133,223
351,261
345,276
473,434
95,5
473,479
50,95
133,217
5,95
434,479
479,407
89,95
133,175
345,351
223,217
95,89
473,479
335,352
389,431
50,95
223,133
434,389
217,170
389,434
95,5
463,480
223,217
192,230
502,397
351,279
133,223
50,5
479,389
473,479
345,351
389,479
351,345
434,389
217,223
50,60
178,223
50,95
223,217
473,434
434,479
50,89
345,351
217,178
89,0
223,217
473,434
345,372
345,261
434,429
5,50
89,95
133,178
95,50
89,92
89,95
261,285
50,95
62,50
434,456
95,5
473,479
95,89
223,178
345,261
345,306
223,217
5,95
345,261
306,345
434,479
479,398
479,434
306,351
50,5
217,223
434,479
223,217
217,223
434,397
217,223
463,467
479,398
345,306
351,306
345,351
223,217
89,95
389,479
351,261
345,351
389,473
473,434
50,95
211,207
223,217
89,95
345,351
479,473
473,479
5,47
389,479
389,473
351,345
434,479
473,479
345,306
217,223
306,261
5,95
217,221
351,345
306,351
389,434
89,95
351,261
223,151
479,389
50,89
217,178
83,14
389,507
217,178
95,50
217,213
5,95
217,223
178,133
345,351
473,434
133,136
345,261
89,95
345,351
217,178
217,223
261,351
473,434
261,351
89,95
223,178
50,95
434,479
389,434
223,217
89,80
351,345
178,217
217,223
434,479
95,89
479,434
345,351
261,306
389,473
95,50
217,223
95,5
223,178
306,351
50,89
479,447
133,178
389,479
345,351
479,398
133,223
14,95
479,478
351,261
178,223
133,217
50,95
434,447
434,479
345,351
473,479
345,261
223,217
50,89
223,217
479,389
178,217
89,51
178,146
351,306
479,473
133,217
473,389
148,249
95,5
5,93
345,306
389,473
217,178
133,178
5,95
95,5
434,479
473,479
473,434
50,95
479,473
306,284
89,95
261,345
223,133
345,306
217,223
50,117
178,223
5,89
178,223
217,223
95,89
261,345
133,178
389,473
95,89
473,479
479,473
223,253
223,178
473,479
351,261
473,434
434,432
479,434
479,464
351,261
119,20
473,479
89,95
479,407
345,351
351,345
178,223
89,95
434,473
5,47
178,217
345,261
345,261
261,306
50,89
50,59
133,223
178,217
217,133
306,351
473,479
89,95
473,483
217,223
389,434
306,284
473,479
217,178
89,5
261,330
351,349
145,226
223,217
95,50
17,60
351,261
434,479
217,223
434,479
345,261
306,345
473,479
217,223
389,479
223,178
261,345
95,50
473,486
89,95
351,335
479,473
452,399
100,119
434,473
153,133
64,74
133,223
306,351
306,351
217,133
178,223
351,261
345,351
178,217
298,337
351,306
345,306
95,50
434,479
479,407
95,50
178,223
473,479
50,2
351,279
479,389
50,95
434,473
223,133
345,306
389,431
223,178
5,89
306,351
473,479
178,223
95,50
425,452
89,50
223,217
95,23
345,351
223,151
473,479
434,452
473,479
434,479
473,479
261,351
261,306
198,170
352,288
473,479
473,479
399,467
95,89
95,5
389,479
89,95
178,223
389,479
306,351
345,351
345,261
473,434
223,178
217,133
351,261
50,121
5,95
178,223
479,434
345,261
479,473
217,178
434,479
434,473
261,345
89,67
310,315
41,73
473,479
217,178
351,345
223,217
133,148
133,223
480,478
89,95
50,5
345,351
326,298
95,14
351,345
89,5
217,223
473,389
89,95
217,223
479,507
95,89
345,306
5,95
389,434
89,50
96,78
223,217
223,178
5,89
261,351
473,434
306,261
50,5
13,107
389,479
217,223
389,479
50,95
261,345
473,434
345,351
345,306
50,95
178,223
401,465
369,314
473,479
261,345
133,128
351,261
89,95
42,81
473,479
223,151
261,351
41,70
345,351
178,223
473,479
89,50
89,95
479,389
345,261
389,479
479,434
261,345
133,223
434,495
217,223
351,345
95,50
89,5
217,133
345,351
95,50
473,498
345,261
217,223
223,217
345,261
306,351
223,217
473,479
281,362
217,223
261,306
5,64
133,223
246,239
389,434
473,434
89,50
389,426
351,306
479,473
434,479
89,5
473,434
89,50
95,89
473,479
89,68
89,95
95,14
133,145
217,223
178,142
351,345
223,217
434,473
89,95
473,479
95,123
261,353
223,178
306,327
95,5
345,306
473,479
351,306
351,261
479,473
89,5
217,203
434,479
95,89
261,306
389,479
389,434
389,479
351,345
133,223
223,217
438,478
217,223
95,89
479,398
306,351
217,223
473,479
351,279
223,217
142,223
89,95
345,351
217,133
95,5
389,434
179,204
473,479
345,351
314,345
502,426
473,434
95,50
473,479
133,223
306,351
95,89
50,89
5,95
95,50
89,99
223,217
434,479
178,223
217,191
351,306
339,362
261,351
473,479
5,89
345,351
345,351
351,312
473,479
50,95
473,479
95,50
351,345
345,351
133,178
261,351
261,332
133,217
306,351
5,95
434,479
434,479
261,351
351,279
473,434
377,352
473,479
434,479
389,479
261,329
133,217
5,89
217,223
434,479
89,50
95,14
473,434
133,223
351,345
261,351
96,120
345,351
95,89
133,217
306,351
223,178
389,431
349,261
223,142
351,270
473,414
351,341
217,223
95,50
473,479
389,479
217,178
473,463
5,89
89,95
374,321
261,306
473,434
479,389
89,50
479,389
178,217
74,99
223,217
133,223
89,95
94,20
89,95
5,95
351,306
351,261
178,171
473,479
217,223
473,434
178,217
133,223
473,479
178,223
5,95
351,310
133,217
217,178
473,389
479,473
351,306
473,479
479,389
473,479
473,479
473,479
389,479
479,473
261,378
351,306
50,56
133,223
261,351
178,223
351,345
217,178
479,389
306,351
351,345
217,223
5,89
133,243
345,351
261,351
345,351
345,351
479,473
306,351
473,479
20,64
133,217
89,95
345,306
473,389
473,479
434,394
178,223
306,351
479,473
345,351
5,95
217,223
321,351
178,133
345,306
217,133
133,223
133,217
434,473
261,281
133,217
217,223
479,398
95,5
345,356
89,95
261,351
261,306
89,95
351,345
50,95
217,178
95,50
95,5
95,50
345,351
223,142
345,306
306,351
434,479
473,434
217,223
223,217
473,479
473,479
41,22
89,95
473,479
223,217
178,217
217,223
345,351
306,351
178,217
5,50
178,223
89,95
473,389
223,178
226,145
351,261
389,479
473,479
479,473
509,397
339,362
178,223
223,133
345,261
345,351
473,479
95,89
50,95
223,217
306,351
345,306
179,191
100,119
89,95
351,261
351,306
95,89
133,217
217,223
51,63
479,389
95,89
50,5
473,479
473,507
178,133
217,178
479,434
473,479
389,473
178,139
389,473
223,178
351,261
351,345
479,468
261,351
473,389
89,95
94,55
133,178
223,217
345,319
434,473
479,473
133,211
5,50
178,223
50,95
178,223
89,95
223,178
434,479
89,5
345,306
306,351
223,133
479,473
306,351
217,223
306,345
389,473
345,351
235,141
331,345
50,47
306,351
133,217
345,261
217,223
95,5
473,479
473,479
89,95
290,321
217,178
345,261
217,223
95,50
223,251
479,473
95,14
351,306
95,5
178,223
178,223
178,168
217,223
261,256
345,261
133,223
351,345
306,351
89,95
261,333
473,479
479,389
133,223
261,351
306,351
50,88
345,351
434,479
223,217
473,434
133,223
497,442
133,223
223,178
95,89
310,295
89,5
434,479
473,479
178,223
479,473
89,50
5,89
133,223
95,89
389,473
223,178
223,133
434,479
217,223
178,223
89,95
178,133
133,245
306,365
389,479
95,89
351,306
434,479
389,434
5,50
95,50
133,201
473,479
50,95
133,207
89,95
434,479
5,50
389,433
50,95
389,473
95,89
320,360
217,223
95,50
473,479
217,178
178,145
217,182
178,223
50,107
351,261
178,223
223,217
351,306
95,89
223,178
351,306
345,337
345,351
95,5
389,502
5,115
306,351
89,95
377,261
345,379
217,223
89,50
261,306
95,89
351,261
497,442
261,351
133,223
5,83
133,223
345,351
133,223
50,95
217,133
479,384
5,73
351,261
261,345
223,211
473,434
178,238
143,211
223,217
434,479
89,95
15,79
5,89
345,306
211,178
345,351
465,398
95,50
345,351
306,351
389,400
479,434
350,306
467,448
89,5
95,50
223,217
125,50
178,175
133,178
89,95
178,217
351,261
473,479
223,217
434,473
479,434
261,326
169,196
389,479
314,315
184,133
50,57
217,223
223,178
473,479
479,434
63,79
89,50
319,352
95,89
5,50
211,234
351,345
271,290
162,196
223,133
345,351
5,95
473,479
43,50
261,351
306,351
351,270
261,345
217,178
389,434
473,434
217,223
178,223
50,95
178,170
89,95
142,223
5,50
434,479
407,479
89,95
89,95
473,479
261,306
345,351
89,95
50,5
89,95
217,133
345,306
89,5
473,434
226,162
217,223
59,63
351,261
345,351
473,479
435,385
345,261
434,479
133,223
217,133
178,217
351,279
351,270
320,350
473,479
389,479
50,89
217,223
223,178
217,223
261,329
362,276
434,479
133,223
95,89
306,351
351,261
479,434
5,95
389,473
345,306
473,479
95,50
306,379
345,261
5,74
473,479
473,479
473,479
261,306
473,506
133,201
473,437
89,95
261,345
95,81
261,345
345,351
223,133
261,351
95,89
473,479
306,261
502,449
306,310
345,261
50,95
261,306
473,479
473,444
389,434
389,479
473,434
345,306
95,50
95,89
261,306
389,434
479,481
89,95
351,261
473,479
50,95
178,217
50,89
351,306
351,372
345,351
89,95
345,373
434,479
479,389
95,89
473,479
261,351
5,50
307,336
261,303
95,5
89,50
389,406
95,50
479,473
404,389
473,389
89,82
345,351
434,479
217,133
178,223
223,133
345,351
273,381
497,442
479,434
89,50
351,306
479,389
473,479
5,95
345,261
223,217
345,351
50,30
223,133
473,389
351,279
178,223
5,89
306,351
479,434
261,306
50,95
217,223
261,351
473,415
479,473
5,99
345,306
50,47
217,238
345,351
345,261
133,201
473,389
217,223
217,133
351,306
133,217
89,95
478,509
389,479
261,345
95,89
217,223
133,162
178,217
345,351
389,434
95,50
473,479
479,473
306,345
434,479
89,95
434,479
5,89
261,306
473,389
389,434
473,479
473,479
50,5
89,95
95,52
345,306
306,351
217,223
473,434
133,223
345,351
133,223
133,223
223,217
89,110
223,133
479,434
80,50
50,95
192,171
89,95
479,473
351,306
217,178
179,191
89,95
440,480
223,178
306,351
178,223
479,401
345,351
217,223
345,351
351,345
351,306
89,95
351,345
351,306
345,351
95,51
479,473
473,479
89,47
5,50
479,473
89,95
473,389
306,345
63,120
473,507
95,89
217,223
148,223
473,479
50,95
351,345
473,479
479,473
261,351
89,95
473,434
473,479
50,95
345,351
473,434
434,479
223,133
434,479
473,479
479,473
89,50
261,306
473,479
148,192
89,50
5,95
95,50
434,479
351,345
345,306
95,50
389,434
133,217
351,261
89,95
452,399
261,329
479,434
5,89
389,479
217,223
389,479
223,217
389,479
345,306
133,223
473,486
345,285
389,479
178,223
95,97
473,434
473,434
261,345
217,223
5,50
89,95
89,95
223,178
434,478
89,95
89,95
345,351
217,223
95,50
89,95
50,95
261,345
351,345
473,479
434,473
50,95
5,89
133,217
217,223
95,75
145,143
345,261
50,95
473,479
178,217
479,389
178,133
133,223
479,473
345,351
133,223
261,303
217,223
133,187
95,5
227,185
217,178
217,133
389,473
351,339
50,95
54,62
306,351
89,50
434,479
178,227
89,5
351,345
133,223
95,50
434,479
351,345
434,479
434,479
192,249
89,14
479,440
434,479
261,329
223,217
89,95
473,479
178,133
479,389
223,133
223,133
50,95
224,196
5,95
473,434
473,479
261,351
389,479
89,95
261,306
223,217
133,202
178,223
133,223
261,329
479,473
178,133
473,434
345,338
178,223
50,95
479,389
95,89
133,167
473,479
95,50
5,73
345,351
345,351
351,261
204,133
178,207
479,473
217,223
434,501
434,479
223,217
345,351
89,5
217,178
351,345
50,95
261,306
89,95
89,95
133,217
5,50
479,434
217,223
301,345
306,351
95,89
389,473
5,89
178,133
345,261
178,135
270,335
89,100
89,95
133,217
178,223
223,151
473,479
434,389
50,89
5,95
434,422
306,351
95,89
306,351
351,306
434,389
261,322
95,89
223,244
473,479
217,223
133,199
217,223
473,479
306,351
434,389
345,351
473,479
133,246
133,223
89,95
473,479
473,386
345,351
297,311
306,351
479,434
217,199
473,493
217,223
223,151
389,479
345,351
261,351
261,329
345,351
178,224
95,89
95,5
345,351
261,351
223,178
473,434
217,223
306,351
5,89
89,95
434,505
5,73
473,479
345,261
89,95
95,89
261,351
133,223
479,473
479,473
223,217
133,223
51,80
50,89
351,345
377,273
5,89
95,5
479,389
473,415
261,351
125,76
5,89
479,434
217,223
217,223
261,351
223,133
223,217
223,217
473,389
95,50
306,345
89,127
434,479
351,306
345,261
133,217
434,497
50,95
345,351
345,261
479,473
89,50
223,217
345,351
253,146
95,89
89,95
5,95
178,217
479,473
133,223
223,217
434,479
369,314
217,223
314,280
306,351
473,479
89,83
479,434
345,351
50,89
217,223
89,95
351,270
473,479
5,73
223,178
217,223
389,479
404,392
178,223
473,479
223,217
306,351
473,479
261,306
95,89
261,306
50,4
479,473
261,345
479,473
178,133
133,223
217,223
223,217
389,479
306,351
89,95
306,351
345,351
327,351
50,5
473,389
473,479
345,351
95,5
473,389
473,479
345,351
479,389
178,223
223,178
306,345
223,217
95,47
261,336
223,217
306,345
345,380
223,178
95,89
473,434
261,351
314,369
89,50
145,243
89,50
261,329
50,95
50,89
223,217
479,434
467,434
217,223
351,348
89,95
479,389
223,217
351,306
68,41
15,34
217,223
59,125
89,5
345,351
95,50
345,351
389,479
306,345
306,351
329,261
473,479
223,217
345,351
261,351
95,5
217,133
100,119
223,217
351,306
389,434
217,223
261,345
473,479
89,95
473,479
50,47
133,223
217,178
345,306
473,479
261,351
479,434
178,223
389,434
310,265
345,351
178,223
217,223
217,201
306,351
179,170
217,223
178,223
223,217
473,479
434,416
50,5
345,261
345,351
352,358
261,306
95,50
50,5
223,217
351,379
473,479
434,479
133,178
95,89
89,107
223,178
50,95
217,223
249,228
473,479
89,95
89,95
351,345
50,5
345,306
345,261
434,479
5,89
68,15
133,178
351,345
223,133
5,50
479,389
479,473
261,345
473,434
89,83
389,457
5,89
95,5
178,223
217,223
68,41
50,89
389,479
217,223
89,5
351,270
95,50
345,306
223,133
351,345
345,306
397,491
434,398
133,217
351,261
217,133
473,479
478,477
133,229
306,261
89,95
178,217
479,434
351,261
223,158
479,473
345,351
261,351
351,345
217,178
89,95
133,217
306,351
50,95
89,5
50,44
50,95
223,217
133,223
389,473
345,351
178,166
50,41
136,217
50,63
14,81
89,50
133,178
50,86
345,351
399,418
345,351
89,50
345,261
479,398
306,351
217,133
50,95
434,447
479,473
223,217
473,434
345,366
345,351
89,95
50,95
5,95
473,434
345,351
217,178
5,95
5,95
249,240
473,434
217,223
178,223
351,285
479,407
345,351
178,133
473,479
95,23
351,261
351,345
306,351
223,217
95,23
345,306
50,5
261,345
473,479
425,498
223,217
32,74
434,479
434,473
133,201
479,473
479,414
351,261
95,89
351,345
178,133
50,89
473,479
89,95
345,351
178,223
217,223
345,304
223,178
473,479
217,223
89,95
404,392
351,345
261,345
95,50
5,95
5,89
307,356
223,217
89,95
223,251
434,479
5,95
261,303
15,34
434,389
351,261
434,463
479,434
389,434
223,178
479,434
50,120
320,339
261,345
50,89
223,217
434,473
306,351
345,351
345,306
133,217
473,434
261,345
133,223
25,13
133,223
473,479
503,507
133,217
473,434
133,223
389,473
345,306
95,5
479,434
89,95
5,50
306,345
473,479
351,302
89,50
345,351
223,145
5,89
198,170
217,223
351,345
223,217
133,223
389,479
50,95
261,306
5,95
345,306
95,5
217,223
89,50
345,351
434,479
473,389
473,479
389,473
217,223
345,351
89,95
5,95
434,389
434,473
473,479
50,95
223,217
434,479
261,329
306,351
223,217
345,351
133,178
89,95
345,351
133,223
217,223
389,479
271,339
306,261
261,351
345,351
5,89
95,89
217,223
20,8
434,479
89,50
5,89
133,217
345,351
479,407
50,5
473,479
142,209
133,247
351,306
351,345
389,473
169,196
89,50
178,223
345,306
95,14
345,351
217,223
217,178
356,375
133,128
5,95
473,479
89,50
479,486
89,95
261,351
89,95
89,5
95,89
351,345
178,223
306,268
50,95
261,345
51,121
473,479
351,270
5,95
50,89
89,93
223,217
217,178
223,217
434,479
217,223
345,326
306,354
389,457
404,392
473,479
479,389
17,23
223,217
389,444
5,97
217,223
473,434
369,314
345,351
100,119
351,261
89,95
276,377
217,223
89,95
223,151
306,351
306,351
223,217
306,261
345,351
306,351
178,250
434,387
351,261
89,50
178,223
479,434
133,178
50,95
217,178
473,479
50,89
217,133
68,15
50,89
473,434
14,81
217,133
217,223
89,50
89,95
484,398
223,217
479,389
435,504
89,95
89,95
217,178
261,351
473,479
345,261
133,175
473,479
5,73
5,50
217,178
351,261
89,50
217,223
479,402
95,5
217,223
389,479
351,261
306,319
351,261
479,473
133,178
389,431
89,95
473,479
143,207
95,14
345,306
351,345
345,261
133,223
223,217
473,389
320,339
95,14
473,479
89,5
178,182
261,306
5,89
89,95
217,223
178,223
89,95
95,50
306,351
389,434
261,351
473,434
223,178
223,217
178,223
50,95
217,223
389,479
479,473
95,5
261,345
217,223
389,473
217,223
89,50
261,345
345,261
351,306
345,351
351,345
337,356
133,217
434,479
351,270
89,95
389,431
397,491
223,217
50,95
306,351
5,95
434,479
95,89
50,5
345,256
351,345
351,261
479,389
434,479
473,479
217,178
389,479
223,178
434,479
345,351
389,431
473,434
178,133
95,5
95,89
479,389
89,50
479,473
95,89
95,5
96,81
64,8
473,479
351,261
306,351
479,434
434,473
94,23
473,389
217,133
178,223
319,352
434,479
401,448
479,434
261,345
89,95
306,351
223,178
389,479
479,473
479,389
133,178
261,306
179,173
217,178
95,89
345,351
434,459
345,261
479,473
351,345
261,279
223,207
306,278
217,223
345,306
473,479
389,461
434,479
389,479
47,20
217,223
192,235
89,50
306,351
50,95
345,351
178,223
217,223
473,434
473,479
261,351
95,89
389,457
306,269
306,302
306,351
351,345
133,223
389,473
261,329
351,345
261,345
89,11
223,217
5,95
178,223
89,95
89,5
473,479
133,223
479,407
434,473
178,217
473,479
217,223
223,178
89,95
133,217
133,217
389,473
5,95
217,199
345,267
479,389
345,306
5,95
479,473
345,351
95,5
95,5
217,223
223,217
178,223
5,95
223,217
95,104
473,479
479,389
89,95
201,133
345,351
223,133
434,479
89,95
389,457
345,261
473,392
351,306
306,351
89,5
306,381
95,89
89,95
345,351
345,306
223,178
89,5
223,133
345,351
261,345
217,178
5,50
261,345
95,50
223,178
223,217
479,473
473,479
473,479
191,224
351,345
95,50
5,95
389,479
479,389
306,261
306,261
95,89
50,89
479,473
306,351
133,217
473,479
217,210
473,479
95,50
223,217
473,479
133,217
89,50
345,351
473,455
351,345
50,54
50,93
207,182
133,223
351,306
306,351
369,314
178,223
438,435
389,479
95,14
345,351
95,50
223,217
261,351
217,223
345,351
223,217
95,89
95,5
178,133
178,217
345,261
217,223
89,5
324,271
345,351
178,217
133,223
351,345
89,95
223,217
5,73
261,306
89,95
133,223
261,306
89,48
113,58
217,193
178,217
95,89
223,178
434,473
479,473
89,95
217,170
50,95
133,178
369,335
95,23
306,351
223,133
5,89
479,434
133,217
434,479
178,223
5,50
479,389
479,389
50,5
473,479
306,351
5,47
5,95
178,223
434,473
217,178
479,409
320,339
480,390
50,95
89,95
50,89
50,95
345,339
5,47
121,127
479,434
389,443
473,479
5,51
95,89
89,95
345,382
473,434
133,223
89,95
389,473
479,473
68,15
217,133
223,128
223,217
50,95
473,479
351,345
389,479
217,223
326,298
5,95
223,217
473,479
50,89
261,306
479,473
223,133
217,223
479,402
178,223
473,479
345,351
351,306
5,50
473,434
89,50
345,351
473,389
133,217
473,434
297,336
41,68
473,389
223,142
351,345
217,223
345,351
261,351
389,479
306,275
261,351
351,345
50,95
473,479
217,223
217,178
223,178
306,351
345,351
5,79
125,70
148,136
473,479
473,479
345,351
389,473
479,414
170,179
178,223
345,266
223,237
473,434
479,473
223,217
306,261
261,351
261,351
479,398
261,345
473,465
50,95
217,133
479,434
473,479
306,276
306,351
389,479
217,133
50,89
148,251
351,345
170,179
345,306
473,479
217,223
334,345
42,21
345,351
95,89
434,389
133,217
51,120
223,133
178,217
217,223
479,389
473,479
345,351
306,261
217,223
217,223
50,5
389,473
261,363
473,479
89,5
351,345
306,351
434,479
223,217
261,316
345,351
434,479
5,47
480,449
95,89
50,95
223,133
351,261
133,217
89,95
473,434
89,95
345,306
89,95
473,479
223,217
5,89
345,306
306,351
217,223
178,217
351,345
94,96
434,389
479,434
434,479
89,5
217,133
178,133
217,223
479,398
178,217
389,479
473,434
479,407
345,351
473,479
95,89
217,223
261,351
41,120
351,379
345,261
178,223
217,133
351,345
434,479
479,434
261,345
345,351
217,178
5,77
89,95
125,54
217,239
89,95
261,306
89,5
473,434
479,473
306,351
217,223
241,217
345,351
473,389
178,223
50,13
389,502
89,5
351,306
223,217
223,178
389,479
261,381
261,345
351,306
50,95
95,68
434,479
434,479
473,479
261,306
241,186
217,223
95,89
217,223
345,351
50,95
345,351
389,434
51,28
473,479
223,133
133,217
479,419
261,307
351,261
20,8
345,351
133,217
351,261
5,95
42,79
178,247
261,329
89,5
5,95
345,351
217,223
217,223
81,42
261,350
479,473
351,345
473,398
223,133
95,5
50,107
217,178
223,217
345,351
178,134
351,261
473,479
261,342
217,223
297,324
473,434
306,276
473,479
473,434
351,279
50,95
434,479
473,479
473,479
223,217
473,479
345,351
434,479
473,479
223,217
473,479
178,249
389,473
479,473
133,178
434,479
345,351
320,291
5,95
389,434
351,345
148,136
473,479
95,5
89,95
5,95
15,79
479,398
5,89
389,499
473,479
345,306
479,473
89,123
178,191
178,223
217,223
351,270
345,261
89,95
50,95
434,389
473,456
345,257
5,89
133,217
95,89
178,217
50,5
434,403
473,389
473,479
50,89
473,479
89,95
95,5
50,89
345,341
50,89
479,434
389,479
89,50
479,473
473,389
50,95
306,351
479,473
89,50
5,50
473,434
223,217
351,345
337,298
217,223
95,89
178,217
479,473
17,127
5,95
479,473
18,5
5,95
351,345
389,479
473,389
223,217
89,82
473,479
5,89
95,89
89,50
223,178
178,222
217,134
223,178
223,217
351,345
479,473
473,479
95,89
50,95
345,261
253,198
389,473
447,480
89,95
345,306
63,120
89,95
217,133
434,389
261,306
223,217
133,217
178,223
351,306
178,223
261,329
178,238
306,279
5,95
95,123
479,473
89,5
345,306
389,473
351,345
178,223
133,217
133,217
54,112
217,178
345,351
465,448
345,306
95,50
217,223
261,303
217,223
5,50
133,178
217,223
389,473
5,95
178,223
473,399
345,351
261,306
351,345
298,307
217,223
133,223
89,95
473,479
42,94
434,389
95,89
217,223
5,89
89,70
178,128
89,50
223,217
473,434
5,50
345,351
89,32
17,59
345,351
483,384
89,5
345,261
345,351
89,95
479,434
50,95
223,217
389,479
351,306
50,95
389,473
133,217
178,223
479,473
217,223
345,351
95,50
133,178
133,178
479,389
306,351
223,217
95,89
50,5
223,178
95,5
434,479
351,261
389,479
223,217
389,479
178,144
345,351
5,95
89,50
223,133
89,95
178,223
351,261
89,95
261,345
261,351
479,434
178,227
345,351
502,449
479,448
473,479
217,133
261,345
153,234
95,89
50,95
178,223
473,389
377,312
261,351
125,95
217,133
178,223
5,47
83,95
473,479
222,207
89,95
217,223
228,247
89,50
306,345
133,169
434,473
351,306
95,5
306,351
95,14
217,178
473,438
345,351
345,351
389,473
306,261
434,473
434,479
434,479
473,479
479,473
351,345
89,81
434,479
434,479
306,261
351,345
95,50
351,345
125,126
473,479
389,457
95,89
5,89
143,252
479,473
261,351
133,223
133,201
228,179
89,50
261,345
89,78
5,95
345,351
434,479
473,479
217,133
479,389
5,95
223,217
389,479
5,89
447,480
426,478
191,224
89,50
434,479
261,306
306,261
196,143
345,351
261,329
389,473
345,261
345,351
223,133
473,479
89,95
479,389
306,351
434,473
345,351
345,306
89,95
473,479
50,5
434,479
434,473
89,50
50,5
178,223
345,351
389,401
50,93
95,89
5,95
261,306
473,479
345,351
389,479
389,476
95,5
261,351
261,345
5,89
95,14
389,473
50,95
447,426
50,95
479,389
345,351
418,449
345,261
217,223
211,207
50,89
261,367
479,398
467,490
223,133
389,459
389,434
434,479
434,389
351,306
133,223
351,306
473,479
389,473
217,178
133,217
50,5
434,479
133,217
89,95
178,223
89,95
261,351
217,227
217,133
89,95
133,223
306,351
223,144
351,345
223,151
133,178
310,357
473,434
133,178
178,196
351,345
351,306
389,479
50,95
389,434
351,345
169,173
133,178
389,479
178,223
178,223
345,261
178,133
217,223
345,306
473,392
434,389
473,479
50,95
479,473
133,217
479,473
345,347
89,5
261,345
5,73
345,351
261,351
389,479
133,223
223,133
89,95
223,217
473,434
95,89
95,89
351,261
389,434
5,89
217,223
465,484
479,473
95,82
473,444
178,223
306,351
389,479
345,261
345,351
473,388
345,351
345,351
473,479
217,223
261,345
223,178
217,223
133,223
345,261
217,223
306,351
473,479
479,434
345,351
345,351
345,261
345,261
217,223
434,473
434,479
16,50
15,34
95,89
473,479
473,434
217,223
50,89
142,209
473,479
345,351
5,47
217,223
306,351
306,261
5,95
389,473
178,223
89,1
83,111
306,351
133,178
261,351
473,434
95,50
389,479
133,223
479,473
133,148
95,5
5,95
196,143
178,217
178,223
306,345
473,479
178,223
89,95
374,321
434,389
389,434
434,473
217,223
389,473
479,473
389,479
306,345
351,345
89,50
473,479
121,48
473,434
345,351
389,434
426,435
306,259
50,95
434,479
351,306
306,345
473,479
89,50
473,389
223,178
473,479
217,173
133,178
497,389
345,351
478,448
89,95
133,223
473,479
89,95
95,14
479,389
306,351
479,398
369,345
5,95
133,227
95,5
175,207
5,95
5,95
245,179
479,389
217,223
178,133
479,389
473,479
345,351
479,473
479,434
217,133
261,273
261,351
89,95
502,495
217,234
473,389
261,351
89,95
95,50
473,479
345,291
306,351
178,217
479,473
50,89
89,50
381,315
217,178
178,148
434,479
306,351
89,95
345,351
345,351
5,89
261,327
351,306
5,89
434,479
41,68
178,223
351,306
306,345
89,5
95,89
479,389
133,223
306,351
178,217
479,389
345,351
434,473
312,351
479,389
223,217
133,178
95,5
133,223
351,345
473,479
133,223
345,261
351,261
434,426
389,479
261,378
223,178
133,217
473,479
89,50
50,17
89,5
473,479
223,217
5,95
95,89
5,73
345,351
389,479
306,261
223,133
5,95
473,479
5,95
389,473
261,257
473,479
306,351
178,223
95,89
223,178
434,389
479,407
345,351
95,50
217,223
223,217
479,473
253,177
217,223
223,217
261,351
297,279
351,345
89,95
389,473
5,95
223,178
89,95
473,412
133,217
479,473
217,178
473,479
178,133
89,95
217,223
89,95
306,305
306,351
473,479
95,89
345,351
223,178
223,133
345,351
473,479
261,345
351,303
89,95
133,151
345,306
5,89
351,345
217,199
261,306
399,418
261,345
89,50
434,479
306,351
133,251
389,479
306,345
63,96
345,306
223,133
271,290
50,17
345,261
473,479
89,95
389,473
42,94
418,449
389,479
389,479
452,425
473,389
345,306
178,133
95,89
345,351
473,479
434,479
479,434
217,178
473,479
314,335
345,306
389,415
261,329
306,351
217,223
217,133
95,50
479,473
484,503
345,351
473,389
479,473
351,306
345,351
389,473
345,351
351,345
223,217
217,178
217,223
133,223
261,351
261,351
178,223
389,473
351,306
351,345
479,472
223,217
17,80
473,434
89,50
479,434
89,95
50,5
345,351
351,269
473,479
99,92
89,77
89,95
217,178
223,217
261,375
223,217
345,261
50,5
479,473
351,306
442,502
479,407
389,457
5,95
217,223
5,50
369,314
345,351
426,435
345,264
479,473
145,253
418,449
479,434
178,223
473,479
261,351
95,14
89,95
50,95
261,347
473,479
479,434
223,217
95,89
434,479
223,217
89,95
133,178
345,351
217,178
5,95
217,178
261,306
389,434
95,89
351,270
95,5
389,479
306,351
479,473
297,324
389,473
133,217
434,435
434,479
95,89
473,479
434,473
401,452
17,81
133,217
217,223
223,133
345,351
178,223
351,306
217,223
473,479
217,178
95,89
351,345
345,261
5,95
261,345
89,50
217,133
351,345
217,178
479,434
223,221
50,14
178,223
89,95
89,95
217,223
50,89
64,20
178,223
133,223
261,351
217,223
351,345
217,223
389,434
306,335
473,430
261,351
351,345
133,217
306,351
95,89
251,247
473,479
479,389
178,133
389,473
89,95
339,362
133,223
217,223
473,457
217,178
345,351
89,95
306,351
89,50
217,223
95,50
223,217
306,351
473,479
479,473
435,389
345,351
89,95
389,473
345,351
434,501
351,345
50,89
345,351
473,479
133,159
351,345
434,479
223,178
389,479
50,95
89,95
389,479
479,434
63,96
178,133
95,38
389,483
50,95
143,211
434,431
261,351
217,223
50,95
473,479
5,95
95,50
473,479
389,473
389,434
306,274
261,303
50,95
351,306
473,479
389,473
217,178
377,379
351,345
351,270
133,178
306,345
95,5
121,101
133,217
389,479
133,178
217,223
178,133
306,351
463,418
50,89
434,479
222,154
479,398
50,48
351,306
306,340
345,306
345,351
473,389
50,89
5,115
178,133
223,217
223,178
178,223
223,217
306,261
15,83
345,351
217,178
473,479
261,306
473,434
351,345
434,479
389,479
217,178
178,223
217,223
261,294
178,223
5,50
479,473
306,265
320,339
351,306
95,50
497,442
261,306
50,95
223,178
389,434
89,5
473,478
345,351
253,187
223,178
479,434
473,479
479,389
223,217
306,351
479,431
217,223
95,50
345,351
217,133
351,345
50,52
5,95
178,145
95,89
389,473
351,345
95,50
389,479
95,89
170,239
345,351
479,389
89,95
351,345
89,50
473,479
345,351
95,89
479,473
95,5
222,203
434,473
345,351
306,345
434,473
306,280
261,306
202,228
473,434
434,479
434,479
50,95
5,23
217,223
473,434
89,95
223,204
345,351
89,95
178,248
479,389
351,306
261,306
306,351
178,223
125,79
217,178
223,178
345,351
133,223
169,196
479,473
217,133
351,345
89,50
389,479
217,223
306,345
95,89
217,223
217,178
217,223
89,50
306,351
95,89
479,389
345,351
95,50
306,339
351,306
479,434
223,133
133,178
389,457
249,145
351,279
223,217
5,79
178,192
5,95
95,5
345,351
89,95
178,217
473,479
223,142
217,223
178,133
223,133
223,151
351,381
95,17
306,351
297,256
89,95
434,473
223,133
434,479
345,351
178,223
351,261
306,351
89,50
50,5
261,351
223,217
121,14
95,5
178,223
389,473
50,5
345,351
133,178
261,351
95,5
89,95
89,95
133,217
479,439
5,63
50,95
223,217
345,351
50,89
479,389
5,73
178,223
483,442
261,345
345,351
479,468
356,375
345,315
434,473
434,479
5,95
50,95
89,5
434,389
95,50
217,223
434,479
217,223
95,89
261,345
351,345
261,345
95,50
95,5
473,431
107,100
182,156
95,89
178,223
389,473
351,306
389,473
363,269
89,123
434,448
223,217
217,223
133,210
473,389
351,345
426,435
448,467
479,389
95,5
434,479
434,413
89,95
345,351
5,106
351,306
95,5
473,402
89,95
50,95
351,345
389,479
89,77
479,389
473,479
261,351
182,166
223,133
345,351
89,18
351,261
479,389
261,345
351,306
261,351
479,473
351,345
434,463
223,158
178,223
89,50
133,178
50,95
345,261
178,223
261,351
217,223
319,376
178,223
479,473
5,50
223,133
178,223
473,479
89,50
434,479
217,223
337,298
479,434
306,351
95,5
133,223
5,95
473,479
178,192
223,178
133,175
479,434
50,89
345,358
326,298
473,479
223,142
479,434
89,71
95,14
133,217
50,95
345,351
261,351
223,217
434,437
434,473
178,223
473,479
178,223
95,50
306,351
217,133
89,95
351,261
504,447
407,479
223,217
133,217
133,223
345,306
261,351
95,50
223,217
473,479
351,256
89,95
51,21
473,479
178,223
479,389
5,95
434,414
345,351
473,389
5,95
5,95
479,473
95,5
5,95
345,261
434,432
261,303
217,223
345,351
178,217
351,345
235,207
89,50
479,389
50,95
89,95
223,225
217,223
434,479
351,261
434,479
223,133
89,123
261,351
306,351
178,148
95,89
133,131
20,121
473,479
217,223
448,397
89,95
401,482
89,95
223,166
473,434
306,351
306,345
389,434
306,351
345,351
306,351
217,178
473,444
389,473
261,351
89,50
223,217
178,133
178,223
50,17
261,306
389,479
351,261
261,351
306,261
223,145
5,50
133,223
89,94
223,133
217,223
306,351
473,434
223,217
351,279
89,95
389,473
133,217
473,479
17,98
133,178
473,389
89,95
473,404
133,223
389,479
223,178
178,217
95,5
217,223
473,434
434,479
133,217
5,50
389,431
345,351
345,351
5,95
5,50
345,351
479,389
89,95
434,479
345,306
5,73
217,223
95,5
217,224
95,50
389,479
479,473
5,89
50,89
50,95
479,473
5,95
351,306
222,192
217,223
50,5
50,95
389,473
5,73
223,178
345,351
479,389
379,375
261,351
178,223
479,398
434,414
178,202
178,223
223,217
345,261
5,95
389,479
178,223
239,170
217,133
473,434
306,351
178,217
306,351
5,89
345,351
442,497
479,477
133,201
306,351
351,306
473,432
50,95
95,50
217,223
479,434
89,95
133,251
345,261
479,434
133,223
434,479
351,345
217,178
261,351
473,479
217,178
89,120
377,331
479,434
5,95
217,178
89,50
41,79
473,479
54,65
306,351
351,345
473,479
89,95
261,306
133,245
47,20
95,89
217,204
95,89
125,61
473,434
479,473
351,306
306,351
223,142
89,95
306,345
261,351
223,178
5,95
217,223
148,136
434,473
306,345
5,89
345,261
345,338
251,253
133,217
389,479
223,178
20,8
261,306
434,389
261,351
253,223
345,351
95,5
50,95
271,290
479,389
389,457
345,351
473,479
261,351
95,89
89,115
389,434
223,214
389,434
261,345
389,479
224,172
5,47
345,351
434,443
217,223
217,178
306,351
351,306
89,5
261,351
473,389
95,5
5,89
178,244
261,303
223,178
223,131
133,223
217,223
50,95
89,95
351,261
223,217
389,506
89,50
217,178
345,261
434,479
89,95
473,389
50,95
345,351
95,50
345,348
178,133
223,178
479,389
223,178
306,351
351,261
261,351
217,133
345,351
334,306
261,345
479,434
217,133
223,217
133,223
50,74
89,95
178,217
89,50
95,89
223,217
473,499
50,5
351,279
50,54
145,208
5,95
473,479
50,5
95,50
381,351
133,223
473,463
217,178
473,434
479,407
217,251
95,107
89,5
389,479
345,306
89,50
345,351
89,95
389,479
351,261
223,163
345,306
178,223
95,50
345,351
473,479
95,89
95,89
351,306
351,279
5,89
217,223
467,473
345,351
133,223
217,133
217,223
345,351
306,351
479,434
351,306
133,217
473,479
217,158
178,223
479,473
389,479
95,89
50,89
89,5
89,95
5,95
223,217
473,434
306,351
261,351
261,351
133,223
473,479
217,223
345,351
261,329
95,89
95,50
184,133
95,89
345,261
473,479
261,345
5,26
178,217
178,151
261,351
5,17
95,89
345,351
306,274
351,270
345,351
178,223
223,217
217,136
479,434
448,467
89,95
473,429
473,402
50,89
505,440
217,223
223,178
89,5
179,228
5,95
223,217
389,473
217,223
217,133
5,50
351,345
95,14
479,389
5,50
95,50
261,345
50,95
473,434
389,473
345,351
351,310
261,306
306,286
434,473
170,179
337,298
223,133
178,223
345,261
89,95
479,436
345,351
306,345
261,351
95,89
222,181
389,434
351,345
89,60
345,261
479,444
351,345
479,434
95,23
389,388
50,95
479,434
5,95
223,217
217,223
434,473
473,479
434,457
223,133
178,223
261,306
89,95
217,223
133,223
351,306
89,95
133,223
480,429
479,473
351,261
479,463
473,479
89,95
351,261
133,223
182,178
306,327
178,133
345,306
351,345
505,404
223,178
223,217
434,473
389,473
95,38
345,351
133,223
389,434
223,217
95,81
42,123
223,217
95,50
217,133
217,223
89,95
389,479
479,473
389,427
89,95
345,306
473,479
217,205
5,89
89,50
479,434
404,448
434,437
50,95
178,205
479,473
345,357
434,479
178,217
351,345
178,223
479,434
178,223
389,479
448,472
50,95
473,389
351,345
95,89
5,95
64,36
288,330
479,434
389,479
41,15
95,5
345,306
345,351
5,95
345,351
217,223
389,473
345,306
178,223
351,306
217,223
178,253
223,217
133,223
178,223
473,479
223,217
473,389
389,473
473,479
473,479
5,95
261,351
223,217
223,217
473,479
89,95
178,145
89,50
381,261
351,339
479,434
473,434
217,223
261,351
63,96
473,479
89,95
223,178
261,351
351,345
223,217
223,217
217,223
351,330
41,68
223,217
448,501
356,270
351,345
310,295
351,261
95,14
89,95
178,221
389,434
217,133
351,345
5,95
133,217
201,133
95,50
345,261
479,473
223,151
217,133
389,434
473,459
222,243
351,270
434,389
89,95
89,95
389,473
89,95
426,505
261,351
223,217
5,50
64,57
473,479
178,202
58,113
50,95
479,473
50,5
5,95
351,345
217,223
479,434
306,351
217,223
345,351
345,261
5,73
261,351
89,95
95,89
345,351
217,223
223,178
389,431
473,479
434,479
5,95
217,223
351,270
345,351
345,351
223,178
473,479
351,345
217,223
89,95
473,389
178,223
222,187
345,261
5,50
178,133
178,223
505,454
297,324
133,217
306,345
351,345
223,178
133,223
95,50
5,89
434,479
223,178
434,473
223,151
95,5
5,50
434,479
217,223
479,398
345,334
261,306
306,261
223,178
306,351
351,306
95,23
178,223
217,223
473,434
217,133
223,217
133,178
95,5
351,306
434,479
473,434
223,178
50,83
261,351
89,95
89,5
434,479
217,223
89,78
473,434
178,223
223,217
261,351
389,434
473,479
89,5
345,351
434,479
89,50
223,178
5,95
178,217
50,95
95,5
89,95
89,95
351,345
306,351
5,95
235,141
434,389
217,133
345,351
473,479
217,223
434,409
464,434
178,223
15,34
89,5
217,223
389,457
217,178
261,303
434,389
50,89
178,223
217,133
434,479
50,89
479,434
351,261
133,182
434,479
89,50
479,434
355,313
178,196
306,351
345,351
261,351
95,5
473,389
95,89
306,351
50,95
351,345
89,5
223,178
355,268
479,434
89,95
133,169
261,351
479,473
223,151
223,133
345,306
356,375
345,351
345,331
113,58
345,306
50,95
125,111
306,351
473,459
434,479
434,479
223,133
121,21
306,345
133,148
434,473
473,479
473,434
169,161
345,295
473,479
95,50
345,261
223,133
434,479
89,95
306,351
89,95
217,223
473,479
306,351
473,479
306,351
473,479
217,223
95,89
89,50
306,261
355,336
217,223
479,389
217,133
473,389
253,226
89,95
223,217
133,217
89,3
178,223
223,133
345,351
351,345
434,404
145,132
261,345
479,473
50,95
15,34
217,142
345,351
479,434
479,389
345,351
65,74
473,479
95,89
217,133
95,5
89,95
217,223
261,306
389,407
89,95
434,473
389,479
41,35
479,473
223,178
261,345
217,223
329,345
473,434
261,351
223,194
89,64
51,64
345,351
89,95
95,89
389,479
473,479
95,50
473,479
434,479
473,479
351,345
217,223
261,306
89,5
178,239
223,178
434,479
479,389
261,306
425,399
473,389
223,217
89,50
217,178
482,435
363,269
345,351
178,217
351,345
473,434
50,89
133,217
479,389
133,217
223,133
133,223
351,381
217,223
434,479
95,5
473,434
479,389
5,95
89,50
89,50
389,473
345,351
261,306
473,498
345,351
479,473
217,223
479,434
217,167
479,473
306,345
89,5
223,217
217,138
425,452
89,95
345,351
473,434
479,389
95,50
398,465
479,473
179,188
89,5
345,351
261,351
473,479
133,217
345,351
50,127
389,479
389,479
479,473
473,479
223,133
95,89
345,351
178,133
178,223
5,89
178,223
178,223
479,473
133,217
473,434
41,68
473,479
5,95
345,306
50,26
261,321
89,5
178,193
223,217
345,306
478,500
345,270
217,223
479,389
95,50
473,389
133,217
223,151
133,223
261,345
217,223
223,133
178,223
351,261
345,351
473,479
479,389
351,326
89,82
345,351
351,261
351,306
50,105
351,345
351,345
178,158
178,223
95,20
5,95
133,217
434,479
473,479
434,479
389,479
345,261
178,223
89,95
345,306
434,473
223,145
5,95
473,434
133,175
89,95
261,306
473,479
223,217
345,379
345,351
320,308
306,345
479,389
223,178
389,479
306,351
351,256
95,5
345,351
479,398
261,345
133,178
223,217
345,351
434,479
345,351
89,39
133,223
89,95
95,50
217,223
473,479
345,261
479,434
261,351
50,95
479,476
223,217
133,217
351,352
217,223
95,89
473,457
261,306
473,479
351,345
95,50
479,434
95,89
389,434
95,5
133,223
178,150
345,351
306,351
217,223
473,389
5,50
288,330
217,178
473,479
95,89
217,178
95,50
479,434
345,351
89,50
502,426
345,351
345,351
306,261
351,261
473,479
223,178
351,261
389,431
133,223
306,351
89,95
169,198
354,307
473,479
306,351
473,389
479,398
434,479
217,178
434,479
5,95
89,95
217,223
223,217
223,217
178,133
178,223
5,89
178,245
89,5
5,89
50,5
50,89
261,351
473,501
89,95
178,223
89,95
491,397
95,50
89,95
389,457
434,479
178,217
345,351
425,488
473,479
351,306
95,89
473,434
306,351
95,5
345,306
261,306
178,217
223,178
249,193
509,479
133,223
479,473
261,345
319,337
479,434
89,95
438,433
89,95
434,479
133,217
133,175
345,351
133,217
96,46
133,199
169,151
261,351
223,151
345,261
473,479
261,345
89,95
473,434
351,306
480,449
345,306
89,95
217,178
389,457
345,351
389,479
473,389
217,223
306,351
95,89
178,130
217,184
217,133
95,5
133,217
133,175
434,479
434,479
5,89
351,261
261,351
345,357
89,50
351,261
95,89
434,479
50,5
351,345
306,261
5,50
389,473
133,145
178,217
418,449
505,401
261,306
473,479
133,178
479,473
89,50
306,351
306,259
95,50
50,5
389,473
345,351
389,479
306,355
89,95
473,389
473,479
473,479
345,351
479,398
50,62
320,350
95,89
261,351
381,336
306,351
133,223
89,95
434,479
217,223
306,351
345,351
217,251
434,479
228,247
50,95
133,217
95,50
217,223
89,95
95,89
223,178
345,306
95,89
50,5
217,223
223,217
223,133
89,95
133,158
434,479
89,119
473,434
490,482
351,345
261,306
133,201
473,479
434,473
345,351
473,479
89,50
223,217
50,5
351,345
5,89
217,199
261,351
351,261
95,14
89,95
133,223
261,306
89,5
345,261
389,479
345,351
217,223
89,95
434,479
438,434
89,5
381,351
434,473
351,345
389,457
223,217
479,407
434,389
253,211
273,354
5,50
473,479
178,223
5,89
261,351
261,345
133,223
217,223
345,306
306,351
479,389
473,479
261,351
89,5
223,178
50,5
389,431
306,351
217,223
261,351
438,496
50,89
5,47
261,375
345,351
306,261
473,479
473,479
345,261
479,407
178,223
50,95
351,261
223,221
178,217
473,479
345,306
479,473
217,223
473,479
217,133
217,223
89,95
479,473
217,223
50,95
217,226
473,434
95,50
95,89
223,151
314,369
89,95
507,463
5,95
51,80
95,50
479,473
479,473
50,95
223,133
351,306
345,306
5,50
178,223
89,95
345,351
178,223
95,50
306,351
473,434
50,95
17,1
261,345
5,50
345,351
473,479
133,223
223,217
223,217
306,351
133,223
50,95
351,261
434,479
389,473
261,306
50,95
223,217
223,217
345,351
223,217
178,217
223,217
169,143
389,457
473,479
389,479
95,21
389,434
261,351
151,207
178,133
351,261
95,14
261,351
95,50
351,345
389,479
95,47
5,95
223,133
306,351
178,223
479,398
351,345
473,389
389,479
479,389
434,389
89,95
217,223
133,223
50,89
99,33
89,50
5,59
133,201
389,434
89,50
473,479
178,223
223,133
89,95
5,89
217,223
479,473
95,89
58,64
389,479
389,479
217,223
479,389
434,479
89,95
50,95
217,178
5,95
306,284
89,95
217,223
389,434
89,5
223,133
306,351
479,389
261,351
473,479
261,329
306,345
345,351
434,479
261,345
473,389
217,178
50,95
95,89
473,479
178,217
375,379
89,95
50,43
94,83
133,146
89,95
64,70
89,95
95,50
434,479
95,42
95,89
217,178
223,217
479,473
261,306
253,246
100,14
5,95
95,50
178,144
5,0
434,479
434,473
389,479
5,89
351,345
178,223
473,479
306,351
5,50
95,89
89,50
479,473
95,89
95,5
351,270
479,434
351,270
89,95
345,351
261,351
345,351
261,306
95,89
345,306
121,83
389,479
351,266
314,315
479,389
64,8
345,261
5,89
50,95
306,261
5,95
5,95
345,351
345,351
217,223
223,151
389,434
473,479
345,351
95,50
345,276
276,264
15,23
217,223
223,217
434,473
50,73
351,345
389,473
89,95
89,5
223,167
351,306
345,306
223,142
223,217
306,303
89,95
217,133
217,178
89,95
148,192
217,222
133,223
389,434
345,261
434,479
306,351
479,434
306,351
223,217
223,133
345,351
199,223
345,261
479,389
261,345
223,133
95,89
178,227
223,133
345,306
351,345
50,5
95,89
178,223
50,95
50,20
5,95
306,261
217,178
351,306
307,324
217,128
5,95
345,316
434,466
5,95
95,5
473,479
95,50
50,95
178,225
473,479
217,223
89,95
169,196
389,479
196,143
479,398
479,434
401,450
223,151
89,95
217,223
351,345
50,95
479,389
223,217
473,479
5,95
351,349
5,95
261,306
89,95
306,351
89,50
351,261
345,351
351,345
95,56
5,95
217,223
5,95
133,223
178,133
389,473
89,4
223,178
5,89
434,479
178,223
89,50
261,351
95,0
89,95
95,5
434,475
133,142
178,217
345,351
89,95
50,95
217,178
95,50
148,136
473,389
217,223
95,89
473,479
351,261
217,223
178,223
133,223
306,345
434,479
261,345
249,200
95,89
473,479
479,401
345,351
345,306
306,261
89,95
217,223
133,223
133,223
217,178
125,121
345,351
223,178
217,223
479,473
89,50
479,398
389,442
351,331
345,261
95,5
351,345
145,208
479,434
479,434
50,89
178,223
223,178
351,279
306,261
434,396
389,473
95,89
261,306
306,351
473,478
253,187
473,434
89,18
345,351
473,434
133,178
217,178
434,506
217,223
345,351
50,89
389,434
473,479
178,223
345,306
178,133
261,351
89,95
217,223
89,95
351,279
473,479
223,178
261,345
381,270
479,389
479,434
345,351
261,351
89,95
89,95
223,133
5,95
95,50
389,494
5,50
306,351
261,345
50,5
261,306
479,389
95,50
133,223
133,178
389,419
389,473
133,217
473,479
223,221
389,479
404,392
89,50
95,50
389,479
95,50
345,351
217,223
223,217
223,217
95,5
89,50
306,261
473,479
320,289
389,479
50,95
89,50
351,345
143,211
473,434
352,339
95,89
95,89
133,223
223,217
89,50
434,479
345,351
345,351
345,351
261,345
479,473
95,5
89,95
345,351
345,306
345,351
50,5
345,261
217,178
351,306
330,356
133,223
479,389
479,499
89,5
223,178
178,223
434,479
306,351
223,211
434,479
434,479
434,479
5,89
479,434
50,5
217,223
261,351
217,223
355,278
133,217
95,89
89,95
345,351
473,434
89,95
351,345
133,223
5,73
89,5
435,484
438,445
89,50
5,95
223,217
306,351
473,479
479,468
473,479
473,494
89,95
50,5
473,479
133,223
95,50
217,250
89,42
351,345
306,351
5,47
118,13
217,223
389,479
217,188
331,314
50,29
261,306
434,473
261,351
345,351
389,479
223,142
223,178
479,389
306,347
223,166
50,95
133,223
479,473
95,50
65,12
351,279
50,5
479,389
345,351
50,95
178,217
465,426
217,178
479,473
50,89
133,223
95,89
223,217
95,50
217,223
306,351
5,89
95,5
345,261
479,473
89,94
121,107
389,495
50,5
145,237
425,433
434,389
5,73
178,223
191,248
17,120
178,133
223,133
345,351
89,64
473,479
89,95
479,473
351,279
345,351
178,223
345,351
89,5
473,479
223,178
223,217
223,217
351,273
63,96
89,0
345,374
223,133
50,95
351,345
133,217
50,89
50,95
223,217
389,473
50,89
479,434
473,479
389,434
125,80
223,217
234,148
178,238
5,50
89,95
306,261
169,184
473,479
473,479
369,314
143,211
473,479
389,479
95,50
306,351
351,345
351,345
473,479
89,95
389,473
351,306
345,261
345,351
223,133
223,178
345,351
95,89
50,95
261,351
223,142
389,473
473,468
473,389
217,178
50,5
306,261
473,479
223,178
389,473
345,261
223,217
389,402
261,329
95,5
223,244
89,95
217,178
345,351
345,351
133,223
389,434
178,217
133,223
345,351
479,473
290,321
54,96
271,290
479,396
217,223
351,279
355,382
223,217
479,473
50,95
50,95
133,223
351,333
351,261
217,223
345,351
217,178
345,351
351,270
261,351
89,95
123,119
261,345
223,217
235,228
89,95
89,95
473,479
479,473
217,148
223,142
217,223
473,479
479,434
351,261
404,448
351,320
246,141
95,5
95,89
261,345
306,351
178,133
345,261
50,89
223,178
5,47
89,95
95,0
89,95
120,63
223,217
5,50
306,351
217,174
264,261
434,479
95,89
133,217
306,261
178,217
95,50
306,286
50,95
89,85
351,261
351,345
223,217
261,306
54,10
473,479
479,473
50,95
223,217
95,50
223,133
351,306
434,479
89,5
276,264
89,95
178,223
435,511
351,306
5,89
389,479
5,50
261,351
306,351
5,89
95,83
89,95
261,351
217,178
479,401
351,306
89,95
217,223
217,223
480,465
479,413
345,306
5,89
473,479
50,5
223,217
133,223
217,223
479,473
389,499
473,389
5,47
5,89
448,385
96,12
89,95
261,351
133,223
95,5
94,107
351,307
50,95
5,95
217,223
351,345
306,351
434,467
351,306
389,431
345,261
398,479
306,351
217,223
434,473
217,223
217,223
479,473
434,389
351,261
306,345
306,345
5,50
473,479
223,222
345,261
95,5
306,345
89,5
50,95
473,450
473,479
217,223
389,479
351,306
306,345
261,351
351,306
479,434
389,434
479,473
95,5
89,42
5,50
473,479
20,8
133,217
452,425
133,178
95,89
479,398
5,89
351,261
50,95
345,261
217,145
217,223
297,271
434,479
217,133
351,345
217,178
389,434
223,133
5,50
345,351
223,178
89,95
479,473
389,434
351,345
434,479
345,261
179,192
89,95
178,133
89,14
5,89
351,345
5,95
473,479
89,5
89,95
473,479
89,95
95,89
434,473
261,306
89,50
389,473
133,223
41,68
178,133
473,434
217,223
345,261
315,336
50,89
473,389
89,95
223,133
223,178
133,178
389,479
223,178
89,50
434,479
223,217
351,261
479,389
178,223
217,192
217,178
345,301
297,330
89,95
434,479
89,95
369,306
50,2
89,123
473,479
306,351
223,133
389,434
50,89
261,351
306,345
217,223
434,479
241,186
473,479
491,397
89,50
95,89
50,89
345,351
5,89
89,5
95,89
389,479
222,228
5,95
95,89
118,65
89,95
479,473
306,345
223,170
479,434
217,223
473,479
178,223
217,178
479,434
95,5
351,345
345,350
473,389
351,261
306,345
351,306
479,434
306,345
5,47
95,5
217,223
345,351
479,473
306,261
5,95
217,133
345,351
479,501
95,89
50,95
223,178
95,89
479,473
435,426
178,223
479,389
473,479
351,261
389,473
306,345
306,351
261,306
306,353
351,306
89,95
133,223
473,507
473,479
306,351
89,95
223,217
345,351
5,73
133,223
345,351
345,351
479,434
178,223
473,479
306,290
5,95
178,223
217,178
5,8
223,217
479,389
95,89
345,320
479,434
94,18
389,479
479,473
306,351
345,351
478,409
217,223
345,306
217,223
345,351
133,178
89,95
50,95
217,178
434,479
261,306
479,473
178,244
473,392
17,98
5,50
217,207
50,110
178,223
89,95
133,223
217,133
50,95
5,89
133,223
473,479
178,133
217,223
133,223
217,223
473,389
434,479
50,95
473,432
178,133
50,89
217,223
89,95
133,178
351,306
345,306
95,89
170,209
306,351
479,389
261,335
217,223
306,351
306,261
178,223
351,270
133,196
89,95
479,389
89,50
95,5
261,351
434,389
345,351
50,95
223,207
473,389
178,223
95,89
261,351
306,351
50,89
5,95
261,351
345,261
479,389
389,479
125,76
223,227
89,95
95,5
479,434
345,351
389,473
217,133
50,95
335,319
50,5
306,351
50,47
95,62
479,473
345,351
473,412
479,473
306,276
223,217
389,434
89,5
473,479
306,351
133,217
473,479
434,479
5,50
223,217
217,223
217,133
217,178
178,217
306,335
5,50
178,217
389,434
89,102
320,275
479,434
351,306
217,223
355,382
473,479
223,178
434,473
401,467
89,68
351,306
217,223
389,434
473,479
178,223
434,473
89,95
389,434
434,479
50,95
479,434
473,434
473,389
434,479
389,479
306,351
145,135
217,133
95,89
5,95
50,95
217,201
306,274
95,50
473,479
473,479
133,217
434,479
89,50
473,479
51,110
483,468
473,389
351,345
95,50
306,322
217,134
5,95
133,178
202,228
223,178
223,178
404,507
479,416
178,223
261,372
473,479
223,217
351,345
217,251
479,473
434,389
435,502
306,269
89,95
95,89
217,223
95,5
89,95
133,223
473,435
94,62
133,178
217,223
306,351
89,50
89,95
261,329
261,306
95,89
133,178
509,454
261,351
50,95
89,95
479,473
306,345
351,339
217,133
178,161
479,434
133,217
96,46
261,368
133,178
261,345
404,392
261,306
32,74
473,434
448,504
223,142
345,351
223,217
261,351
479,461
473,400
351,345
479,434
89,95
94,77
133,175
42,51
95,71
479,459
345,306
351,306
89,50
261,345
65,33
89,95
133,217
434,389
50,95
473,479
479,389
345,351
479,473
133,223
89,95
351,345
345,351
434,479
217,178
261,351
306,351
279,351
273,266
351,261
246,239
345,306
133,223
389,473
223,133
434,455
351,261
479,407
162,239
345,339
5,95
261,351
306,289
178,223
223,133
479,473
434,479
133,178
50,95
95,50
95,89
351,306
473,389
133,217
89,78
473,434
479,389
5,95
479,407
133,178
133,223
306,275
133,223
95,89
95,56
95,50
89,95
434,479
217,133
50,95
89,50
143,207
95,89
178,217
50,95
351,274
217,223
5,50
223,178
297,267
95,5
178,217
5,95
351,333
133,217
306,261
178,223
473,434
473,479
50,7
121,80
434,479
479,473
89,50
217,223
306,351
223,217
345,351
5,82
479,434
89,5
261,306
133,234
473,479
389,479
306,345
452,425
133,237
5,95
217,178
89,95
473,479
351,345
434,485
306,261
89,50
389,434
89,92
95,89
473,434
89,95
479,434
261,345
5,95
479,434
217,223
223,221
345,306
217,223
324,297
345,351
89,1
345,322
192,134
133,217
50,95
261,345
182,131
434,479
479,473
473,389
217,133
95,89
473,479
473,434
133,223
217,133
89,50
223,217
133,223
345,261
345,351
473,389
502,478
473,483
379,375
223,178
5,95
345,351
178,148
223,217
89,50
217,223
217,223
89,95
89,5
113,5
178,223
50,89
111,50
473,434
479,389
351,273
261,351
118,13
234,198
434,479
133,178
479,463
479,473
479,389
345,351
351,345
345,351
95,89
351,345
310,339
178,223
223,217
351,345
50,95
448,486
345,351
306,351
217,223
479,434
473,462
5,95
217,223
306,273
186,241
473,479
434,454
389,457
351,345
223,133
434,473
133,223
178,223
297,338
50,14
217,223
89,5
223,178
133,201
95,89
261,306
306,261
89,95
5,47
133,223
223,178
89,95
389,479
95,5
133,223
351,345
345,351
5,95
223,217
261,345
178,223
345,351
95,5
133,223
345,351
345,351
389,479
223,217
241,186
253,187
479,392
345,351
261,345
479,473
89,95
345,351
261,312
89,95
473,479
345,261
192,137
50,95
133,217
473,389
95,89
5,95
351,306
345,351
351,345
133,178
306,351
345,306
319,376
351,345
389,479
479,407
473,479
473,434
345,306
133,148
351,345
389,434
178,223
5,42
473,479
217,178
261,351
95,89
217,223
223,178
306,351
345,310
434,479
223,217
178,223
89,95
479,473
133,223
306,351
276,320
261,351
473,389
50,5
153,223
145,243
89,95
217,223
253,211
473,459
473,434
223,217
133,223
95,50
223,217
389,457
217,196
473,434
5,89
479,389
50,95
261,345
479,473
178,203
351,306
133,223
434,479
351,345
389,473
345,351
345,351
178,217
95,5
223,217
473,389
345,351
389,479
133,217
479,473
261,345
345,351
89,17
217,223
345,351
5,3
249,148
356,375
89,5
133,205
306,273
497,442
223,178
389,479
324,271
217,223
306,336
95,89
473,479
50,95
261,351
253,226
5,95
473,479
306,345
261,306
89,99
351,345
297,290
389,434
95,50
434,479
89,50
356,270
306,369
479,473
351,345
5,14
217,133
479,473
5,111
473,479
351,261
306,331
217,223
89,95
320,313
95,50
261,306
223,133
5,89
89,5
306,333
389,475
502,426
217,223
13,107
50,54
217,223
473,479
223,217
223,133
5,95
5,80
133,223
217,223
217,133
320,339
351,337
223,217
50,5
89,50
50,89
389,479
50,79
217,228
473,479
345,351
473,481
223,133
345,306
50,95
345,351
351,261
133,217
351,306
389,479
261,345
306,351
389,479
89,95
50,95
217,223
178,188
217,223
50,5
389,431
178,223
50,89
434,473
217,223
261,345
434,479
178,223
351,306
479,434
434,479
261,306
306,351
89,123
217,223
479,473
223,217
95,89
473,479
434,401
217,178
345,306
133,217
223,178
345,261
89,95
217,223
434,479
473,493
479,473
89,95
223,178
479,473
217,133
389,491
306,261
223,217
345,351
125,107
389,434
153,223
89,5
345,351
273,281
223,151
306,261
479,486
345,306
261,288
261,351
178,223
351,304
479,401
133,217
351,306
345,261
223,217
217,223
345,351
345,351
434,389
473,434
473,479
50,95
345,351
389,473
473,479
261,345
345,351
5,95
217,223
50,92
473,495
306,351
5,89
89,95
178,223
351,261
133,175
178,223
479,434
50,95
223,217
479,473
389,479
5,95
345,351
50,95
178,223
306,261
223,178
95,50
50,26
473,434
473,479
50,89
89,92
473,479
217,223
479,434
89,95
95,89
345,351
178,217
345,306
89,50
217,133
5,95
479,473
223,140
434,479
345,351
89,50
89,95
369,314
473,482
473,389
178,223
345,351
178,217
345,261
89,95
178,223
306,261
223,133
351,345
41,15
479,473
351,349
473,389
50,95
345,351
50,95
50,18
473,479
479,473
217,178
133,178
95,50
434,447
217,178
223,178
89,95
473,452
473,479
351,261
217,223
306,351
473,479
95,5
223,178
5,95
223,217
479,473
473,479
434,479
345,351
473,389
434,389
5,18
133,223
217,133
479,398
178,225
217,223
50,89
133,178
473,479
306,351
223,222
479,473
345,351
479,432
223,217
479,389
479,434
479,434
345,351
389,457
178,223
473,479
217,223
5,64
306,261
479,473
217,223
178,133
473,434
351,345
298,350
473,479
434,479
95,89
89,78
148,192
95,89
434,419
473,479
345,351
345,351
50,89
261,306
50,5
473,479
89,95
484,503
434,479
5,89
89,95
217,178
345,351
345,306
253,226
345,351
389,479
5,50
261,345
95,5
217,223
345,277
473,434
217,223
89,95
381,323
223,217
351,306
389,434
351,324
261,306
479,389
261,345
345,351
217,223
473,468
5,50
89,50
5,73
133,217
389,434
89,95
89,95
479,434
217,223
480,499
321,369
217,223
95,89
473,434
479,473
306,345
306,329
306,351
351,306
143,211
306,290
473,479
50,95
50,5
89,95
50,95
95,50
389,463
223,178
89,95
223,217
306,351
473,479
345,319
223,178
266,261
223,178
89,5
505,404
306,261
479,434
5,73
479,434
133,175
178,217
89,50
306,261
434,479
133,217
217,181
479,473
473,479
479,473
479,473
351,345
389,457
95,89
217,220
50,95
261,306
217,251
345,351
178,133
351,261
434,479
5,95
345,261
479,434
473,434
178,223
217,223
447,504
133,188
223,178
306,351
217,223
345,256
473,479
89,95
389,467
261,345
473,434
223,178
133,223
261,306
351,379
306,261
15,34
217,223
133,223
389,479
223,217
484,438
389,479
306,345
148,192
306,270
148,136
178,207
351,345
89,5
479,473
223,178
389,479
473,485
89,5
434,479
479,473
473,479
178,226
351,306
223,178
217,223
473,479
133,217
434,401
261,345
5,95
223,217
95,23
95,41
345,351
345,261
434,479
217,223
217,223
5,47
351,297
5,95
89,95
351,306
345,306
14,89
261,351
479,473
345,351
50,95
89,5
261,306
217,223
95,89
261,306
95,17
217,223
434,479
95,5
389,479
448,430
434,479
143,162
434,479
50,95
479,434
217,133
479,473
434,479
473,479
95,89
89,95
5,50
345,351
434,501
345,306
434,473
5,94
217,223
345,351
434,479
95,50
306,345
217,223
345,306
89,95
217,223
50,89
473,398
345,306
473,479
223,178
89,95
217,223
345,351
148,192
89,95
89,95
133,223
345,351
223,178
5,89
473,434
178,223
95,5
261,329
326,362
473,389
345,351
178,133
95,50
5,89
345,351
217,133
261,351
89,95
89,95
345,351
434,389
473,434
217,223
389,479
351,345
345,306
95,78
473,479
89,5
345,353
89,95
89,50
95,5
345,306
351,270
345,351
345,294
224,179
473,479
89,95
223,178
306,309
178,223
133,230
50,95
223,128
434,387
351,261
223,178
261,351
50,95
306,261
351,306
95,89
17,45
352,349
14,81
389,479
89,50
479,434
306,261
261,351
434,498
261,345
306,351
351,270
479,473
95,50
5,50
223,142
345,351
389,434
484,503
345,351
261,307
223,217
479,434
50,95
89,50
178,235
178,223
345,351
95,89
345,351
434,479
223,142
351,261
217,223
479,473
479,407
479,434
5,50
345,306
223,151
261,345
145,188
473,479
133,223
479,389
389,473
50,95
148,136
434,479
509,401
223,217
95,89
495,426
479,473
95,71
473,479
479,473
434,479
89,50
351,345
434,457
351,306
351,345
389,479
50,95
473,501
217,223
434,423
217,223
345,348
351,306
89,95
389,434
473,479
434,479
473,479
217,133
133,217
509,400
89,95
5,10
479,434
345,351
133,178
479,434
133,223
95,50
89,66
50,126
479,405
5,89
217,223
133,175
223,133
389,434
389,479
434,473
345,261
345,333
345,351
89,95
351,345
306,261
434,479
95,89
306,351
100,14
95,89
478,416
434,473
64,68
95,14
89,95
50,95
95,89
133,223
89,95
351,317
133,223
89,30
351,345
182,202
89,95
89,95
473,479
351,306
125,79
345,351
217,223
434,473
5,89
503,483
491,397
5,73
261,345
217,223
178,133
223,133
473,389
261,306
261,306
217,223
473,479
261,351
95,5
434,389
20,64
261,345
192,133
377,286
217,223
5,89
307,336
89,95
133,223
89,5
133,223
89,95
479,389
95,50
50,75
95,5
351,261
479,389
5,50
261,273
345,351
261,329
345,306
404,448
95,14
434,479
473,427
484,398
20,8
95,89
261,374
198,170
50,5
306,351
217,178
89,95
223,217
479,434
95,65
223,217
133,217
306,262
89,50
89,95
121,24
50,95
261,301
345,351
306,351
95,50
217,133
479,407
223,217
345,351
50,95
133,178
473,479
435,503
133,175
351,345
14,95
217,178
217,178
133,223
389,479
261,351
389,481
389,479
89,50
261,306
345,353
389,479
479,434
100,119
95,89
473,479
50,3
5,118
95,89
153,234
306,345
223,217
438,477
310,275
425,452
89,95
223,217
223,217
50,95
217,223
211,143
217,223
425,452
261,345
479,389
306,261
133,223
95,89
345,261
217,223
306,345
351,345
351,345
434,473
223,142
115,17
473,479
89,95
95,50
223,133
89,50
95,89
261,345
178,223
434,479
5,89
479,434
5,118
473,434
345,306
15,34
133,217
261,351
217,178
95,89
217,223
89,95
473,479
223,175
345,261
5,50
404,448
50,89
89,95
261,306
434,473
223,217
96,95
223,133
479,389
351,270
133,223
89,95
479,398
473,434
50,89
133,223
351,261
89,95
89,95
479,473
217,223
133,223
133,178
223,184
95,89
95,50
5,89
50,65
434,479
253,162
479,473
89,95
345,306
473,479
217,178
310,257
479,473
418,495
89,95
473,479
479,389
261,351
306,286
479,473
434,479
5,50
324,271
50,74
178,133
473,389
473,479
345,351
479,434
473,479
479,398
89,95
170,179
261,351
5,95
306,261
345,351
434,479
178,133
133,178
345,306
223,151
434,501
95,5
479,462
473,389
95,89
50,7
351,261
351,345
217,223
478,454
351,279
389,473
473,479
479,473
89,70
306,351
64,5
473,434
345,306
389,479
479,473
222,138
95,89
5,95
5,106
479,473
261,351
5,95
351,345
434,479
95,5
178,133
345,261
95,89
479,473
223,142
5,50
50,95
261,351
94,122
223,154
99,15
217,223
351,256
217,178
89,95
217,223
473,434
351,306
95,89
345,261
50,5
178,217
345,351
133,178
89,50
479,402
297,324
345,351
223,133
306,261
345,351
473,479
5,50
5,95
95,75
261,351
217,178
345,351
261,351
345,351
261,351
497,442
223,133
209,170
306,333
345,351
345,261
50,67
217,178
345,351
217,133
89,5
351,306
389,473
5,50
306,351
5,89
89,50
389,479
306,261
133,223
351,345
351,345
306,351
345,351
261,345
217,223
223,217
5,95
345,306
389,479
145,253
479,473
178,223
345,351
389,473
473,479
479,473
148,136
473,479
95,5
217,133
223,217
261,345
306,345
363,269
178,223
389,479
261,306
351,261
217,223
479,434
435,447
100,119
95,5
217,223
5,95
5,50
89,95
5,47
473,479
351,261
178,133
306,345
95,89
479,473
217,223
261,345
306,351
479,389
350,328
217,223
479,473
95,89
479,473
223,217
95,50
261,351
178,217
389,473
170,179
223,133
50,95
223,217
89,95
351,298
95,89
351,345
351,345
5,47
95,89
133,168
89,5
261,345
217,223
95,89
434,479
473,434
50,89
223,217
351,345
89,5
89,113
404,448
178,133
89,95
133,223
89,50
473,479
133,223
217,223
217,223
95,50
64,85
95,89
306,351
178,144
95,89
473,479
89,5
178,223
434,494
133,178
89,5
50,25
169,150
479,389
351,306
389,479
89,50
95,89
223,178
473,479
389,479
89,95
389,479
261,353
434,464
306,345
5,95
148,192
306,261
479,473
89,50
473,479
434,479
473,479
95,5
217,223
223,133
5,50
345,306
261,331
479,434
50,17
473,479
479,473
178,223
95,5
89,95
434,479
345,351
389,434
89,95
223,217
389,504
434,389
178,223
351,261
223,133
217,170
178,223
5,95
89,5
50,95
434,389
95,89
217,193
345,261
50,95
345,371
345,261
434,473
261,345
479,473
351,306
473,479
473,434
389,473
143,207
473,479
479,431
345,351
178,175
505,390
133,151
473,434
133,178
389,479
50,5
50,95
5,50
351,360
351,270
473,479
50,89
178,234
351,306
100,14
306,351
345,351
217,223
178,223
50,95
351,345
479,473
473,479
32,74
32,74
345,351
261,351
473,479
95,89
473,476
345,351
261,351
50,5
306,351
89,50
178,144
217,223
479,434
95,89
261,306
217,223
483,481
345,351
320,269
223,217
389,479
389,473
95,89
133,201
20,8
351,261
95,14
89,50
389,461
345,351
89,95
351,345
351,261
473,479
473,479
473,434
95,50
434,479
95,89
473,479
389,479
473,479
50,95
95,5
227,207
473,479
434,397
133,217
5,95
306,276
345,351
438,402
351,266
89,95
473,479
5,95
169,213
345,351
351,345
389,473
223,217
5,95
223,133
5,95
89,95
306,351
5,89
306,345
89,50
434,479
217,178
95,89
434,479
351,345
89,50
50,95
473,479
261,306
89,95
479,389
133,223
217,223
217,223
223,178
223,217
95,89
51,114
261,350
345,306
261,339
89,50
223,133
261,345
95,13
389,479
261,345
5,95
306,261
261,306
217,223
297,374
178,133
89,5
425,452
389,479
5,95
5,95
261,351
351,306
50,95
228,142
133,255
217,133
223,133
473,479
261,306
473,479
50,95
434,479
276,320
133,212
473,479
434,479
217,223
306,351
191,224
389,486
17,5
83,15
483,417
223,217
50,95
351,261
133,178
5,50
351,345
345,288
217,223
133,175
345,306
389,479
473,405
223,182
351,350
345,351
223,178
306,351
89,5
345,306
64,110
345,351
133,223
351,345
345,351
306,351
50,95
473,479
217,223
351,270
133,178
434,479
261,351
89,95
351,261
434,486
352,274
217,170
351,345
89,95
89,50
89,95
133,178
345,261
351,345
50,95
95,89
95,89
479,389
389,479
89,50
479,434
479,389
95,50
473,479
335,383
434,479
133,223
178,145
178,133
473,389
261,351
479,473
389,434
479,473
169,244
95,89
345,351
89,5
79,25
345,351
306,351
217,133
217,133
217,133
473,479
261,274
351,261
434,479
223,178
345,261
178,217
89,95
217,133
345,306
306,351
473,464
217,223
95,89
434,473
95,50
345,349
223,178
351,261
473,434
5,89
306,351
133,217
345,306
178,207
351,261
473,434
434,455
345,351
217,178
133,217
345,351
473,389
50,5
133,217
223,133
223,217
261,335
178,223
473,479
479,389
473,434
