128,10000
89,95
5,73
95,23
50,30
41,75
5,95
5,95
5,47
89,50
50,95
50,5
89,95
5,95
95,5
50,95
50,5
17,55
50,95
5,50
95,5
89,50
50,5
89,119
95,50
89,95
125,109
5,95
50,95
89,95
95,89
54,63
50,5
5,89
89,95
89,95
95,5
5,95
50,5
95,5
99,121
58,75
125,98
5,95
89,50
50,89
5,57
95,30
50,95
95,50
79,83
89,94
5,95
54,50
95,89
45,50
89,50
5,95
94,50
5,89
89,16
51,100
95,50
95,14
5,89
50,95
95,50
95,89
95,89
54,83
100,119
95,5
89,75
89,95
5,73
5,95
5,95
5,95
95,89
41,63
89,5
89,5
95,23
89,95
95,89
95,50
89,95
50,95
50,95
123,79
95,50
5,73
50,89
95,50
61,50
50,83
95,50
89,95
50,95
89,95
50,5
95,23
95,50
89,95
89,50
95,50
5,89
50,95
5,95
89,95
89,95
89,95
89,95
95,123
89,50
95,81
95,89
50,95
95,50
20,8
5,95
5,89
89,50
89,95
95,50
89,83
5,73
68,15
95,23
89,50
89,95
50,95
95,30
5,73
89,50
5,95
113,58
89,20
95,25
50,95
50,95
5,95
89,95
89,50
95,89
95,50
89,92
50,20
50,95
5,50
5,95
50,89
89,95
89,95
95,5
89,95
5,89
89,5
50,95
95,14
54,83
95,123
89,50
95,89
95,50
5,50
20,8
95,8
50,16
95,5
5,95
89,95
95,89
95,5
89,95
41,114
89,5
89,95
89,95
5,95
100,14
89,95
5,58
50,26
50,5
5,46
89,95
89,95
13,79
54,83
50,17
5,95
89,95
5,89
89,50
89,95
95,89
89,95
50,89
89,95
89,95
89,95
89,95
95,50
95,5
89,44
89,50
89,50
95,5
89,95
95,125
50,95
5,23
5,95
95,89
8,64
89,95
95,92
95,89
95,5
95,89
50,14
89,50
50,95
89,95
50,89
50,95
5,95
95,5
50,95
89,95
5,89
95,1
50,5
50,95
95,50
50,5
89,95
94,42
50,95
89,95
50,89
5,95
89,95
50,95
5,95
89,83
50,95
95,23
5,95
50,95
5,95
95,50
89,50
89,95
5,112
50,30
63,120
89,95
89,95
5,89
95,50
95,89
95,89
94,113
5,89
89,95
95,89
89,50
95,5
50,95
95,89
95,89
50,5
89,95
89,50
95,50
50,95
89,92
41,43
5,47
95,73
95,89
89,95
5,95
89,50
5,89
95,50
50,89
89,5
89,95
95,89
50,95
95,5
54,77
89,95
89,5
95,89
89,95
89,95
50,5
5,50
17,124
89,95
50,84
5,95
89,95
96,17
95,5
50,5
89,102
95,66
95,89
89,5
95,89
95,89
50,17
89,95
41,31
95,89
50,95
5,89
89,95
95,5
89,95
95,89
36,96
89,28
5,95
5,50
95,89
89,95
50,95
89,95
95,14
89,50
50,89
50,95
20,8
50,89
5,95
68,15
50,3
17,80
65,117
89,95
50,5
89,95
50,63
95,50
41,6
95,89
95,89
5,95
5,47
89,79
89,5
5,125
5,50
50,95
50,95
95,5
50,95
68,41
95,14
89,50
5,95
89,5
89,95
95,89
95,50
89,3
89,50
89,95
50,95
42,81
89,95
89,95
95,89
5,89
17,7
95,50
89,95
95,89
89,95
95,50
89,95
89,95
89,95
50,89
50,95
95,89
89,13
113,58
89,95
89,95
89,94
100,54
50,95
95,50
89,102
17,33
95,23
51,55
95,99
50,89
5,89
95,89
5,113
39,50
89,95
89,50
89,5
89,95
89,5
125,97
89,95
95,5
89,122
89,18
89,50
89,95
89,95
89,95
95,5
50,95
89,95
5,89
5,50
89,50
89,111
50,89
89,95
89,50
89,50
89,109
95,5
5,73
95,50
95,50
5,73
5,89
89,95
95,89
89,95
95,43
5,95
5,50
95,96
89,5
89,95
95,89
89,95
50,5
89,5
95,89
95,50
95,89
95,4
5,89
89,95
89,50
5,95
89,50
95,5
5,47
50,95
95,111
50,95
5,50
5,73
89,95
89,95
5,95
5,50
89,95
5,89
95,89
5,47
5,95
89,5
89,95
89,95
95,5
5,50
50,89
95,89
95,89
95,50
99,77
100,119
95,89
89,50
95,23
95,89
95,50
50,95
5,50
89,95
50,95
50,95
50,5
89,95
89,5
89,95
89,95
89,113
5,95
50,89
95,89
89,50
50,95
95,14
89,95
50,5
95,89
89,95
89,50
89,95
95,89
50,95
51,4
89,95
5,50
89,50
89,10
89,50
89,50
89,50
89,50
95,107
89,95
95,5
95,89
89,5
5,89
95,50
95,50
89,5
89,5
89,95
94,78
50,39
5,89
95,89
89,50
89,95
89,95
95,8
123,89
89,95
95,5
95,89
95,14
95,50
95,50
89,5
50,89
5,47
89,50
95,89
89,95
50,95
89,5
50,89
95,5
5,95
89,95
89,95
95,89
95,89
5,89
5,111
89,95
50,95
50,89
89,95
5,89
95,89
89,95
89,50
89,95
95,5
5,89
17,77
95,50
5,47
50,97
89,0
89,50
63,120
63,19
5,50
95,23
89,95
89,95
89,5
95,23
89,95
89,95
95,89
5,95
121,22
41,39
5,95
50,95
89,95
5,95
89,95
95,5
89,5
89,50
5,89
95,89
50,89
95,89
89,50
95,42
95,89
95,89
89,95
95,50
89,1
5,89
89,50
68,15
89,95
89,95
5,95
89,95
5,50
89,95
89,5
95,14
5,95
89,95
89,95
50,5
5,95
89,93
95,89
5,89
50,93
89,5
12,89
95,14
5,95
5,73
50,80
41,68
5,95
50,95
89,95
50,95
95,89
95,89
89,95
89,95
95,89
5,56
5,89
100,14
106,70
50,98
50,95
89,95
5,89
95,89
89,95
89,95
50,83
50,89
54,53
89,50
5,95
89,95
95,89
50,114
89,95
50,95
89,50
50,47
95,23
89,50
95,89
5,95
89,95
50,25
89,95
50,95
89,57
50,95
5,89
50,5
5,89
5,89
5,95
5,89
95,50
50,89
95,50
5,50
95,89
5,89
95,50
89,47
95,50
95,50
95,50
89,5
95,89
89,95
95,79
89,95
95,89
89,5
89,5
5,89
74,100
95,50
89,95
95,89
89,12
89,95
50,95
95,5
96,44
50,95
50,89
5,89
50,5
5,50
95,23
95,5
89,95
89,50
89,95
50,89
95,89
50,95
50,119
5,95
5,89
95,5
5,95
51,61
89,95
89,50
50,89
5,89
5,95
95,50
89,95
89,94
89,95
95,89
95,89
89,50
50,5
95,50
89,95
95,46
89,95
95,23
95,20
95,23
89,95
95,50
89,95
50,5
89,95
95,89
89,95
95,5
50,95
89,95
95,50
5,95
89,95
5,95
94,13
95,50
95,14
95,89
89,95
89,95
89,95
5,95
50,5
5,50
89,95
50,5
5,41
89,95
95,50
95,50
95,14
89,95
95,89
100,14
95,50
32,74
89,95
95,5
95,71
95,89
50,5
5,50
89,95
5,70
89,95
89,95
5,73
95,89
50,5
95,14
89,50
50,89
89,95
5,95
89,50
50,89
5,89
95,89
50,95
50,5
95,5
50,107
50,17
89,95
50,89
89,95
50,5
54,99
50,15
89,95
95,89
95,89
50,4
5,73
50,55
89,95
95,5
5,95
50,95
89,95
95,50
50,123
50,95
95,50
50,95
89,95
89,95
95,89
95,89
95,18
95,89
89,5
89,50
121,56
107,13
95,89
95,50
121,107
50,89
5,95
5,89
95,39
5,50
89,95
89,95
5,50
99,97
89,50
50,95
95,89
5,95
50,89
89,95
50,95
5,50
89,95
50,89
95,89
95,50
89,50
95,50
50,89
95,30
95,14
95,23
95,89
95,89
89,95
95,89
50,95
5,89
50,95
89,95
89,95
5,95
50,95
5,50
95,89
89,50
95,50
89,95
95,5
50,95
95,86
95,89
5,95
5,50
50,95
68,15
95,89
5,95
95,50
89,95
89,5
89,50
50,95
89,5
50,89
95,50
50,95
50,67
50,95
95,89
95,5
95,5
95,50
5,89
50,89
50,28
89,95
5,95
89,92
96,13
50,5
89,95
5,50
95,50
50,89
89,95
89,95
89,116
50,95
89,78
95,50
89,95
94,121
5,95
89,95
64,96
5,50
113,58
95,50
89,95
95,50
95,50
89,5
5,95
5,89
5,95
89,16
95,89
89,95
5,95
5,89
95,50
5,95
89,95
89,50
95,50
121,81
63,96
89,95
5,95
89,95
89,95
89,95
50,95
5,50
89,50
89,5
50,95
95,79
95,89
50,44
89,50
5,47
89,50
95,89
95,5
34,15
50,95
50,95
50,5
89,50
95,50
95,50
5,95
89,95
89,95
95,50
5,89
89,95
95,89
5,95
89,50
89,95
89,50
65,43
89,95
50,95
89,50
95,71
89,5
15,34
95,89
95,14
5,50
95,89
89,50
50,95
95,5
89,5
125,44
89,5
89,50
89,95
95,83
89,95
50,38
5,95
5,95
95,5
95,5
89,95
89,122
50,95
89,95
89,95
95,5
95,89
5,47
125,34
95,50
89,50
50,19
5,50
89,95
95,23
95,50
50,95
125,113
50,5
95,89
95,89
42,94
89,95
50,92
50,95
95,89
89,95
89,95
89,95
50,95
50,31
89,50
94,20
5,95
95,89
95,5
89,95
5,89
89,10
121,23
5,95
89,45
89,50
95,23
51,80
50,95
5,50
89,121
96,23
50,95
50,95
68,15
95,50
50,95
95,23
89,95
5,50
89,109
50,5
50,5
89,50
99,79
95,89
89,95
118,65
95,5
89,95
95,50
50,75
89,28
89,95
50,5
89,95
89,95
5,91
95,50
89,77
63,120
5,89
50,95
95,50
95,23
5,89
89,95
5,95
50,5
89,95
50,115
89,95
50,95
5,95
89,50
89,95
95,89
89,95
89,81
5,50
5,50
89,122
89,5
50,5
95,47
113,83
95,89
89,95
5,95
5,95
95,89
95,89
95,89
15,34
95,89
95,5
89,95
89,95
95,89
95,89
89,5
89,95
95,89
50,15
75,89
5,50
41,68
5,50
89,95
50,95
95,14
50,5
50,89
5,89
89,8
5,50
50,95
89,95
95,89
50,95
50,95
89,95
5,89
50,95
50,95
50,95
89,95
89,95
50,95
5,95
89,95
89,95
95,5
95,59
89,95
89,50
89,95
5,89
95,89
17,112
89,50
89,95
5,95
50,95
95,89
95,89
50,5
50,95
50,5
5,95
5,95
50,89
89,95
54,59
95,66
89,50
89,95
95,89
89,95
95,5
50,5
89,5
54,114
95,50
95,89
50,95
95,89
95,50
95,89
95,5
50,95
17,66
95,50
95,89
5,89
89,5
50,95
89,95
95,89
89,95
50,59
89,95
95,71
5,95
5,95
95,5
95,89
41,68
50,106
89,5
89,50
50,17
5,95
5,89
95,5
50,5
89,5
89,50
50,89
95,50
79,54
5,50
95,50
89,95
89,50
89,5
89,95
5,73
89,50
50,95
50,5
5,95
95,5
63,120
5,89
5,50
5,50
5,50
5,89
50,95
5,95
95,89
89,95
89,109
50,89
89,11
95,5
89,95
50,121
95,5
95,50
89,50
95,5
5,89
89,5
64,83
89,95
89,50
89,95
95,50
95,50
89,95
95,89
50,95
95,39
95,71
95,5
89,95
5,73
5,95
89,95
95,50
5,95
32,74
50,95
89,5
95,14
5,119
5,95
47,20
95,5
89,5
89,95
89,5
95,50
95,89
5,45
95,5
5,50
89,57
20,64
5,77
95,14
95,89
5,95
50,89
5,95
5,89
50,12
5,95
50,89
99,26
64,122
95,89
95,89
118,65
50,95
95,48
50,95
95,38
89,50
5,95
50,5
50,95
89,95
95,89
95,5
5,79
5,73
89,119
5,50
89,95
5,50
95,89
5,29
95,89
58,113
95,89
5,95
5,95
95,89
5,50
95,14
5,73
95,50
5,95
63,42
50,22
50,5
89,95
50,85
89,95
50,95
89,50
5,89
89,111
5,95
5,89
50,95
113,58
95,50
95,89
118,111
89,95
89,95
95,89
50,5
50,95
50,89
89,50
95,124
125,95
95,50
5,51
89,95
50,10
50,89
5,95
95,52
5,95
95,5
50,102
95,89
5,99
51,79
100,119
95,89
95,50
89,39
50,5
89,5
95,89
89,95
95,89
41,15
89,95
95,50
89,5
89,95
5,95
95,50
5,95
89,95
89,95
89,95
89,95
89,95
5,95
5,79
89,95
95,50
89,50
50,89
89,48
5,50
50,95
65,11
89,95
95,5
89,5
5,89
89,5
5,95
95,5
89,95
95,23
95,14
89,95
5,47
89,95
95,89
51,58
89,95
95,101
89,5
95,89
5,47
95,5
89,50
95,89
89,95
89,95
50,5
54,50
5,50
89,95
95,89
79,54
50,95
89,50
50,102
5,89
50,89
95,89
95,118
89,50
89,5
89,122
5,50
50,95
89,95
5,89
89,5
89,113
89,5
50,95
95,50
5,95
50,95
5,89
95,89
89,95
50,95
5,89
89,95
95,107
89,95
89,95
95,63
5,89
58,113
89,54
95,5
89,5
89,5
95,5
95,89
89,95
95,50
95,89
89,5
95,50
95,89
47,107
50,95
89,95
89,95
95,14
95,89
95,89
95,5
50,5
50,95
5,50
95,14
95,50
89,85
89,5
54,78
89,50
95,14
5,47
50,95
89,95
17,80
95,50
5,89
50,89
95,12
95,50
89,5
89,95
50,16
95,23
95,89
50,95
89,50
5,89
41,68
95,5
5,89
65,8
89,95
50,105
95,50
89,5
95,89
89,95
5,95
89,95
63,79
89,95
89,5
95,23
75,58
41,68
89,95
5,73
89,5
95,89
89,95
5,89
5,50
95,50
89,95
17,50
50,95
95,84
95,89
89,95
95,89
118,13
89,95
89,95
5,95
50,95
95,89
95,89
111,70
89,95
50,89
95,89
50,95
95,99
89,95
50,59
95,89
50,95
95,23
89,50
50,95
89,50
50,89
95,89
15,34
95,50
5,50
5,89
42,51
89,95
118,13
89,95
50,5
89,95
5,95
5,89
5,89
5,95
89,95
95,89
89,95
89,50
89,5
95,50
89,95
50,95
100,119
89,95
95,50
50,5
5,73
89,95
89,95
95,50
95,50
50,95
95,89
95,89
89,5
50,5
89,95
95,23
95,5
99,95
50,95
95,5
5,95
95,89
95,5
5,95
95,89
5,50
94,4
95,89
41,67
89,5
50,89
89,50
95,50
89,95
95,5
50,106
58,59
95,50
50,95
89,50
5,89
5,73
50,34
95,17
95,14
95,112
95,14
89,95
95,50
95,89
89,5
89,95
5,89
89,50
50,95
5,95
89,50
95,89
5,99
89,95
5,50
89,5
50,95
95,5
95,89
5,89
89,74
50,5
89,95
89,95
50,89
89,95
50,5
64,66
89,5
95,50
5,95
95,89
5,8
5,95
50,43
5,89
89,50
95,50
50,89
95,89
50,95
89,50
89,95
5,89
89,95
5,89
95,5
123,119
50,95
50,89
95,89
89,50
95,29
5,50
89,95
95,89
89,95
95,56
5,50
89,5
89,78
50,95
95,89
95,89
89,110
50,89
89,5
89,95
20,8
95,41
68,15
50,57
89,42
89,95
89,95
95,89
5,73
5,95
89,5
89,5
95,50
5,95
89,50
89,95
25,74
89,95
95,5
5,50
89,5
95,5
95,42
89,5
50,95
5,89
5,95
89,50
95,50
50,5
5,95
50,89
95,50
89,8
5,80
50,5
14,81
50,38
63,120
5,95
5,95
95,52
95,50
51,124
95,50
50,95
89,5
95,50
17,98
50,95
5,95
95,89
99,98
96,68
95,89
5,89
95,89
5,89
5,95
5,50
50,95
5,95
50,95
89,95
89,95
95,5
89,95
89,95
95,14
50,89
5,50
5,89
5,23
89,95
89,50
95,63
89,95
95,89
89,95
89,95
89,5
95,50
50,95
5,50
125,99
89,95
95,89
95,23
41,95
5,79
50,95
95,5
95,23
89,50
89,95
89,118
95,89
50,95
89,50
95,50
50,109
95,50
50,95
95,50
5,95
95,89
5,89
5,95
50,99
5,95
5,95
5,73
50,5
119,8
5,89
15,83
50,95
89,15
50,71
95,89
89,95
5,95
5,89
89,4
50,95
5,95
50,95
89,95
50,89
50,95
95,50
50,89
50,95
89,95
89,50
95,50
5,89
50,95
5,50
89,95
95,89
89,95
50,89
89,95
95,89
95,50
89,50
89,50
89,95
89,95
89,63
89,95
50,95
89,95
89,95
89,40
95,89
89,95
95,89
64,83
17,72
5,95
95,23
95,5
89,5
95,50
89,95
50,95
50,95
42,111
95,89
95,23
50,95
5,95
95,89
89,95
89,95
89,5
50,95
95,89
95,89
95,50
50,89
83,15
89,5
89,95
89,95
95,89
89,50
51,120
95,5
50,95
89,5
5,89
5,95
50,95
95,5
89,95
95,89
89,5
5,47
5,50
5,89
95,89
50,5
89,95
5,79
89,50
50,119
5,95
50,95
89,117
5,47
50,95
50,5
50,95
89,95
79,83
95,38
89,95
89,95
95,5
50,5
50,95
95,50
50,89
95,50
89,50
89,95
5,95
89,95
95,14
89,79
50,7
5,50
50,89
89,50
64,78
50,95
89,95
51,63
89,95
89,95
50,118
5,50
95,89
5,95
50,120
95,5
5,50
5,50
89,95
89,95
63,42
58,113
95,89
95,5
113,95
50,45
5,95
89,102
89,50
89,95
50,5
89,50
5,73
5,95
5,95
89,5
95,89
50,95
95,5
95,89
5,95
5,47
64,102
50,5
89,5
5,95
95,50
95,89
50,89
95,50
95,50
50,95
89,50
89,95
89,5
5,95
89,95
95,76
5,2
121,20
89,5
89,95
5,95
15,79
89,5
95,89
95,5
5,50
95,89
50,95
95,89
95,117
89,95
89,95
89,95
5,89
50,95
89,95
5,95
89,50
89,95
89,50
89,50
74,100
95,5
50,89
50,95
47,5
42,50
50,95
50,89
89,50
50,89
89,50
95,5
89,50
95,50
95,14
50,95
94,118
89,95
5,95
50,15
50,89
89,50
5,50
95,89
89,5
50,89
95,8
89,101
74,83
89,95
89,95
89,50
89,95
95,89
89,95
89,5
89,95
89,95
5,50
89,116
95,89
89,50
95,89
5,89
89,5
89,5
89,95
89,5
89,45
5,95
54,83
89,95
89,5
95,116
50,95
89,5
89,50
17,86
89,50
89,82
58,83
89,95
89,47
89,95
89,5
89,5
5,89
89,95
89,95
96,83
89,95
89,66
89,50
95,89
89,95
95,50
89,95
5,95
89,50
89,95
50,5
50,79
5,89
50,95
5,95
5,89
95,23
89,5
113,58
89,50
123,119
50,95
89,5
89,50
5,95
95,18
50,95
95,23
50,89
89,95
95,50
95,50
5,58
5,73
50,95
5,73
89,5
95,89
50,95
106,70
5,95
95,89
50,95
5,70
5,95
50,89
89,95
5,95
95,89
95,14
5,50
95,89
20,8
95,89
121,20
95,50
95,89
89,95
89,50
5,89
50,95
5,95
95,50
50,95
95,14
50,95
89,50
5,50
89,95
5,58
5,89
95,89
95,89
50,5
5,89
5,95
50,89
95,89
89,56
89,95
14,100
50,89
95,50
50,106
41,15
50,89
50,89
50,95
5,95
5,50
89,95
95,83
89,48
95,89
113,58
95,50
50,95
41,68
89,121
5,47
95,50
50,95
50,95
89,5
20,64
50,95
89,95
89,95
50,95
95,89
89,95
50,95
89,95
95,89
89,95
95,5
89,95
89,95
5,95
50,28
89,50
5,123
5,95
89,95
95,23
50,95
5,95
89,95
50,95
89,99
50,95
50,95
95,71
41,85
95,50
95,89
89,95
95,5
50,95
54,97
50,95
50,95
5,50
89,95
113,26
89,95
89,95
5,73
95,89
50,5
95,89
95,89
5,95
50,14
89,95
5,95
89,95
50,47
89,95
95,5
5,89
50,95
89,95
5,95
89,5
89,78
89,95
5,8
89,95
5,89
89,95
95,50
95,89
95,89
95,89
5,95
89,95
95,89
89,5
95,50
5,89
89,5
89,95
89,111
89,5
5,20
95,5
5,95
95,89
95,50
95,50
89,95
119,20
50,95
89,50
5,95
5,95
95,50
5,50
17,93
89,95
89,5
95,89
95,50
95,50
50,89
89,95
89,121
50,110
5,73
53,89
5,89
34,79
89,5
50,5
95,50
89,95
5,95
5,50
95,5
50,47
95,89
95,89
89,95
95,5
50,5
50,95
5,117
89,95
5,77
89,50
89,95
89,95
95,89
95,89
50,95
5,89
5,95
89,95
50,95
89,95
5,95
5,50
95,89
95,50
50,95
89,5
95,50
5,50
89,95
95,89
89,95
95,89
14,81
79,83
50,73
95,50
95,5
95,89
89,42
89,50
5,125
89,95
95,122
5,95
89,95
95,89
95,89
95,89
89,54
95,122
113,58
50,89
50,5
5,47
89,95
95,50
95,89
5,95
5,50
95,89
50,42
89,5
89,5
89,50
5,95
50,95
5,89
89,5
50,95
89,95
95,5
95,14
89,50
95,5
64,66
89,95
95,89
95,89
89,5
50,95
89,50
5,95
50,95
89,50
5,95
89,5
95,89
50,5
5,95
89,5
95,89
89,95
89,95
89,50
17,25
15,79
89,95
89,95
95,50
5,50
50,95
89,95
95,89
96,83
50,95
50,95
95,97
5,89
89,50
95,99
89,95
89,95
50,95
89,50
50,5
95,89
89,95
5,89
89,50
89,95
89,50
89,5
89,95
50,107
89,5
95,93
95,89
5,73
5,50
95,5
5,50
95,50
50,95
89,95
5,95
89,50
89,50
89,95
95,30
5,89
95,89
120,116
89,95
50,89
89,50
5,89
89,95
5,50
89,1
89,95
5,48
50,5
95,49
95,5
50,95
89,5
50,39
50,0
5,118
50,89
5,95
96,85
50,95
5,95
50,95
50,89
95,5
89,95
95,50
94,34
5,110
89,95
89,95
5,95
89,95
50,89
89,5
125,59
50,95
50,95
89,95
50,95
89,45
89,95
95,5
89,50
89,95
95,89
89,95
89,95
95,5
89,50
50,34
5,95
95,89
95,46
95,40
89,95
95,89
5,95
89,5
89,5
89,95
5,95
89,1
95,56
89,95
50,95
95,5
89,50
50,89
89,50
89,50
89,29
50,95
89,95
20,8
89,95
5,95
50,95
95,5
95,5
50,95
5,89
50,89
95,5
95,5
50,95
89,95
89,95
95,23
89,95
50,95
5,50
95,82
89,50
89,29
95,23
5,89
5,95
50,95
89,95
5,89
121,22
95,5
95,89
5,89
89,95
89,95
5,95
50,95
95,89
95,89
89,95
64,20
95,5
50,95
95,89
95,5
95,50
89,95
95,50
95,50
95,89
95,23
50,95
89,5
5,95
95,89
5,95
89,76
95,5
89,95
89,48
89,95
89,5
5,50
5,95
5,95
89,5
5,95
89,50
5,89
89,95
89,95
5,89
5,99
5,95
17,123
89,95
5,74
50,95
5,95
95,50
5,95
5,95
50,77
89,95
89,95
5,50
95,50
89,95
89,95
89,50
89,95
106,70
95,50
50,89
5,95
50,95
54,83
5,50
89,95
95,50
95,89
50,89
50,95
95,89
95,89
95,5
5,95
64,43
5,95
95,89
50,14
89,5
50,0
5,95
20,8
50,17
95,5
95,89
95,5
95,5
50,95
95,5
50,5
89,50
95,59
89,95
50,95
5,47
95,5
89,23
89,95
89,50
5,95
5,73
5,73
95,75
95,89
95,115
95,89
89,95
100,119
5,50
89,95
50,89
89,57
95,50
95,14
95,46
5,95
89,14
89,5
5,89
89,122
95,89
95,5
5,89
89,95
5,89
89,95
89,50
95,60
95,5
89,95
89,95
5,89
41,84
50,95
50,95
50,95
96,107
50,95
95,5
5,95
100,119
83,106
95,50
89,95
50,89
50,65
5,89
5,95
50,95
5,89
89,95
50,89
95,5
14,50
5,110
89,71
68,41
89,95
95,89
89,95
50,95
50,89
63,96
5,95
5,50
89,50
95,89
50,51
89,5
5,95
89,95
95,50
95,5
89,95
50,95
89,95
5,73
17,95
5,50
89,95
95,2
50,89
89,95
5,50
89,95
113,58
95,50
50,5
89,95
5,95
50,89
95,89
5,89
95,89
89,95
89,95
5,95
95,5
95,50
5,95
41,68
95,11
50,5
5,50
50,89
5,95
95,5
89,51
5,50
95,89
95,89
89,51
5,50
50,95
89,50
5,89
50,89
95,50
95,89
89,95
89,95
89,115
95,23
89,95
17,121
89,95
89,95
89,8
50,95
5,89
50,95
89,5
89,95
95,50
57,5
118,65
89,95
89,95
95,89
107,13
50,89
89,50
5,89
95,50
50,89
50,95
95,50
15,83
14,95
50,95
89,119
95,50
125,75
95,50
89,50
89,95
50,17
95,10
89,95
5,50
89,95
5,50
68,15
50,89
100,119
89,95
5,74
68,41
89,106
89,95
95,50
89,95
50,95
5,89
5,95
50,95
89,95
95,89
95,89
89,50
95,89
95,5
81,64
89,95
95,50
121,104
5,95
5,95
89,50
20,8
89,78
89,95
50,89
89,95
5,95
89,5
5,95
50,5
5,95
50,95
89,5
95,89
50,5
89,95
5,89
5,95
89,95
95,89
95,5
64,77
89,95
5,89
50,5
50,95
50,95
89,50
89,95
89,95
89,5
89,95
89,5
95,5
5,95
95,50
89,95
5,95
50,5
95,14
95,89
95,50
50,95
89,95
95,89
89,95
89,95
5,95
95,89
42,51
89,50
89,95
50,95
89,95
89,95
95,50
50,101
89,95
118,42
5,115
54,109
95,89
5,50
95,89
5,89
95,5
5,95
5,95
50,82
89,5
95,23
95,50
5,89
5,89
95,5
5,89
50,79
5,89
89,123
89,95
89,5
95,89
54,68
17,80
89,95
89,5
89,95
5,95
89,95
89,5
95,89
95,89
89,95
89,34
50,5
89,95
5,95
89,95
95,89
89,95
95,50
63,120
5,32
50,95
89,70
5,95
95,89
89,95
50,5
50,89
95,36
5,95
89,50
5,95
20,8
50,95
95,109
95,50
50,5
95,89
5,50
50,121
89,5
95,50
89,95
95,50
5,89
89,5
89,47
5,89
5,95
50,95
5,95
95,5
25,106
95,50
50,89
89,95
89,95
125,58
89,97
95,50
50,89
95,50
89,50
89,95
50,95
89,5
95,33
5,95
89,95
95,14
50,15
5,47
95,89
50,95
50,79
50,95
89,95
5,95
95,50
95,89
5,89
89,118
89,95
89,95
50,95
5,50
95,5
89,50
89,95
95,89
89,95
95,5
89,5
95,89
50,5
5,95
95,23
89,95
95,50
5,95
50,95
95,89
95,50
89,5
95,89
95,5
50,118
95,50
95,89
89,95
20,8
5,50
50,95
89,5
89,95
95,89
89,50
95,14
95,14
89,118
95,89
95,89
50,95
89,92
89,5
15,83
95,89
50,89
95,89
89,95
95,5
95,5
89,5
5,118
50,89
95,89
100,14
50,95
89,84
50,95
89,50
111,70
5,95
95,89
89,95
95,5
89,95
95,89
95,5
89,5
50,95
89,50
89,95
89,50
89,95
95,89
50,95
95,50
50,5
89,95
89,50
5,95
50,95
95,89
89,95
89,95
89,95
89,95
5,89
95,14
95,50
95,89
95,107
113,58
95,23
41,33
95,23
113,89
89,95
89,120
95,5
5,13
5,50
41,23
95,23
95,97
95,89
5,95
95,51
89,115
89,57
50,89
50,95
58,113
50,5
5,95
89,50
89,95
89,95
5,73
5,50
89,5
89,95
95,83
5,89
50,60
95,56
5,95
89,95
89,95
5,89
89,95
89,95
95,89
5,89
5,95
5,89
50,95
5,89
89,50
50,95
50,95
95,56
95,89
50,95
5,89
89,68
5,50
95,89
95,50
89,95
89,95
89,95
5,95
89,50
89,95
89,5
5,51
89,5
95,89
89,95
89,95
50,95
89,95
50,76
89,5
89,95
50,95
50,17
89,95
95,89
50,89
89,95
5,50
89,50
95,50
89,95
95,89
5,89
5,95
5,95
89,95
95,89
95,89
95,50
95,23
5,50
95,83
95,5
50,6
5,14
119,99
50,5
95,75
5,95
5,95
63,42
113,58
89,5
5,89
95,14
50,5
89,95
89,95
89,78
95,50
95,89
95,50
5,95
89,95
50,30
95,10
89,23
95,89
89,95
89,5
89,96
50,95
95,79
89,95
95,93
89,47
15,34
50,89
50,95
95,50
89,95
89,95
119,123
5,89
50,95
5,95
89,5
95,50
89,95
50,95
95,89
50,89
89,95
95,89
89,53
5,89
95,50
50,123
89,95
95,89
95,89
95,89
95,89
5,89
95,50
68,41
95,89
89,50
99,33
95,89
95,5
95,89
50,31
95,5
5,95
95,89
5,89
5,50
95,89
89,123
95,89
89,95
95,79
20,64
50,5
5,95
89,95
95,89
89,50
17,118
95,5
89,50
95,89
64,83
95,5
89,95
95,89
95,50
95,89
89,50
5,95
5,89
50,5
50,89
95,17
89,95
95,50
89,95
50,95
50,5
95,89
89,50
5,95
89,73
50,95
95,89
95,5
89,5
89,50
50,95
50,97
5,89
50,95
95,5
5,95
68,41
5,50
89,95
95,89
89,95
95,89
89,95
50,89
89,0
54,88
95,5
89,95
89,5
50,89
95,89
89,95
5,50
89,50
89,95
89,95
54,83
89,10
5,50
50,89
50,95
95,5
89,95
89,95
95,65
89,95
89,50
50,95
89,95
95,89
95,89
89,95
5,89
89,95
5,95
50,89
5,95
95,89
5,95
89,95
89,95
89,75
5,89
95,23
50,95
95,89
5,89
5,95
95,89
95,89
50,89
89,95
50,95
5,80
96,112
5,73
89,50
89,95
106,98
51,84
20,8
5,73
95,89
95,89
95,5
5,50
89,95
95,18
95,5
89,95
89,95
5,50
95,89
5,95
89,95
95,89
5,98
89,95
89,95
40,50
95,54
89,95
95,89
95,89
50,95
95,89
89,95
50,95
5,47
5,50
89,95
89,95
95,50
5,89
89,95
5,89
95,50
89,95
89,95
89,50
5,95
95,89
5,47
95,89
89,95
89,50
95,14
89,95
50,95
5,89
5,95
50,5
89,50
95,89
95,89
95,14
89,95
5,95
89,95
95,50
5,89
50,95
95,5
50,89
89,95
89,95
95,5
95,89
89,95
5,50
5,89
5,95
89,95
5,41
96,123
50,115
89,50
95,5
89,95
95,89
95,83
89,5
89,5
89,95
50,89
95,89
5,50
5,21
95,5
50,17
95,23
50,95
89,95
70,59
95,50
95,50
89,95
89,95
65,17
94,19
95,5
5,95
89,95
89,95
89,95
89,95
95,50
96,110
50,89
89,95
95,50
89,95
89,50
50,89
42,51
89,95
89,95
95,5
89,95
5,95
50,89
95,5
89,95
95,14
89,95
41,68
89,95
50,95
5,73
95,50
89,50
5,89
89,83
83,111
89,50
89,81
89,95
89,95
89,64
50,89
89,95
94,86
89,50
95,50
99,5
50,95
89,50
89,95
95,23
95,5
5,95
95,89
89,95
50,95
89,50
89,95
89,95
50,95
95,5
50,95
50,95
50,30
5,95
5,93
89,95
41,5
89,95
89,5
5,95
89,50
95,89
89,5
95,5
95,89
89,95
89,95
50,93
89,95
89,50
5,95
89,95
125,80
50,54
89,50
89,95
5,95
50,89
95,89
50,5
89,95
95,50
5,14
95,89
5,73
107,13
89,95
50,95
89,50
89,5
95,50
89,95
95,50
50,5
50,89
89,50
89,95
5,73
95,89
89,50
50,89
95,5
5,95
89,95
89,50
50,95
95,5
89,5
89,50
89,95
95,89
5,95
89,95
89,95
95,89
5,95
95,71
5,110
95,5
68,15
89,92
50,95
5,95
89,50
5,50
95,50
95,5
50,95
89,76
89,95
95,8
95,89
50,95
5,95
17,111
95,23
50,95
50,89
15,34
89,95
50,5
89,50
5,95
89,95
89,95
95,5
47,20
5,89
5,95
89,95
95,23
95,89
89,5
89,95
50,63
89,71
89,50
89,95
89,5
89,95
89,95
89,95
89,95
89,95
5,89
5,89
5,89
50,89
95,89
89,95
5,95
50,23
89,95
50,95
5,95
89,95
89,5
8,20
89,95
113,58
89,7
89,95
89,0
50,95
5,95
5,95
95,5
95,50
50,5
50,95
95,5
95,89
50,5
89,95
89,5
125,23
50,111
95,50
5,95
89,50
95,89
95,89
89,95
89,50
89,95
50,89
89,50
89,50
50,95
95,89
89,95
17,71
113,58
5,47
89,95
5,89
95,89
95,5
50,95
89,125
95,23
95,89
5,95
50,95
89,95
5,73
50,30
5,89
95,89
95,5
95,89
89,95
89,95
89,95
50,95
5,50
95,50
50,95
89,50
89,95
5,89
89,95
50,88
95,89
95,89
89,95
89,50
89,95
50,95
89,95
95,89
68,15
5,95
95,89
95,5
95,50
5,95
89,63
95,50
89,95
89,50
5,50
89,118
95,89
89,95
89,95
89,20
89,95
5,95
50,89
41,97
50,89
89,5
5,95
95,5
14,81
89,95
51,80
95,97
95,89
50,5
5,47
95,89
89,95
95,50
95,50
95,89
89,95
89,95
95,89
95,5
5,89
5,95
50,89
95,89
95,14
125,106
5,89
50,89
15,83
13,81
54,39
89,50
95,5
89,5
5,95
89,41
5,95
95,14
50,5
95,89
95,50
5,95
95,89
106,70
50,5
89,95
89,50
89,95
95,14
95,83
17,79
89,50
5,50
5,16
89,50
5,95
14,81
96,98
95,89
5,95
89,95
5,95
5,95
95,5
50,89
5,95
5,95
89,95
95,89
5,50
89,50
5,78
50,95
95,89
89,95
5,95
89,5
50,5
50,95
5,95
95,89
5,95
95,89
95,89
89,95
50,62
89,5
95,50
50,5
5,50
50,79
89,50
50,5
89,95
89,50
89,50
5,89
95,5
89,95
89,95
95,89
5,95
89,95
121,114
89,50
95,89
89,95
50,95
5,50
89,95
89,5
50,95
5,95
89,50
119,95
89,5
99,1
89,95
5,73
5,14
5,95
95,89
95,117
5,50
89,5
95,5
95,5
89,95
79,65
89,95
5,95
95,5
89,95
81,42
89,95
5,50
89,95
5,47
95,89
95,5
42,51
50,89
50,89
89,50
50,89
95,50
50,95
95,5
95,89
89,95
89,50
58,23
95,75
89,50
89,95
50,95
89,50
50,5
95,5
89,50
89,95
89,95
5,95
50,95
95,5
5,47
5,95
89,95
89,50
5,25
89,5
95,89
95,89
5,89
5,95
50,98
5,95
50,5
5,89
89,95
95,79
89,119
5,95
50,95
5,73
5,95
89,50
41,47
5,89
89,50
50,48
95,5
95,110
89,50
50,83
50,5
95,89
50,95
89,95
89,95
50,95
89,50
50,95
95,89
89,95
89,5
95,89
95,50
50,89
89,95
89,5
5,95
50,83
100,51
50,5
95,26
5,95
95,89
5,89
41,68
89,5
50,95
50,89
50,95
54,12
50,95
5,89
54,50
95,5
50,95
95,89
5,0
95,89
95,5
95,89
89,50
50,89
5,73
100,14
89,66
5,95
5,89
5,50
50,95
95,89
64,48
89,95
50,95
95,96
89,95
5,50
50,116
5,95
89,95
89,50
89,95
89,95
89,5
50,5
5,95
95,89
5,50
89,50
89,50
89,95
5,73
50,95
89,5
5,89
89,95
95,89
95,89
95,89
89,50
95,89
5,95
50,5
50,89
89,95
95,50
95,89
89,50
5,95
5,89
50,95
5,35
50,7
89,50
89,50
5,51
89,95
95,89
50,95
95,89
125,80
89,95
50,95
79,83
89,95
95,89
89,95
50,95
50,3
89,95
89,95
50,89
95,5
89,63
89,95
5,50
89,95
95,89
41,68
50,95
50,95
5,50
89,95
50,89
95,5
5,95
99,29
5,95
89,5
89,95
89,95
95,89
5,89
5,47
89,113
50,95
5,47
89,95
89,95
95,89
50,95
89,86
5,50
5,50
95,83
95,50
89,50
5,95
95,89
89,50
5,73
89,95
95,5
89,95
89,50
89,95
50,95
89,123
89,50
5,95
5,73
67,95
5,95
17,46
95,5
118,5
54,83
89,95
89,95
95,89
95,89
50,14
89,45
50,89
95,89
96,85
50,95
95,89
5,89
73,5
89,95
89,50
89,95
17,98
50,95
56,5
89,95
5,89
121,44
89,95
95,5
95,89
95,89
89,50
95,89
5,89
5,95
95,50
50,95
95,89
95,50
107,13
89,50
89,50
79,54
95,89
95,89
89,95
50,95
50,5
95,89
95,5
14,81
5,95
50,38
50,95
50,95
89,95
89,95
54,53
89,50
54,50
95,5
89,95
50,89
81,42
50,95
5,89
5,50
5,95
50,95
89,5
100,14
95,5
89,50
50,95
63,96
5,50
123,119
15,83
5,95
89,95
89,95
23,95
95,89
95,50
111,70
5,95
89,5
95,89
50,89
95,89
121,79
125,59
50,89
5,93
89,5
89,95
89,95
95,101
125,91
5,50
95,50
50,5
95,89
95,89
95,97
50,95
5,95
50,95
95,89
50,95
5,95
14,81
95,23
89,95
100,51
50,89
15,34
89,95
5,95
95,50
95,50
50,89
63,120
96,79
51,83
89,5
17,65
5,89
50,5
89,95
89,5
32,74
95,5
5,10
5,95
89,95
95,82
89,5
95,5
95,50
125,19
89,92
51,93
5,89
5,89
95,89
95,50
5,50
79,83
95,5
95,89
5,50
89,95
95,89
95,50
25,106
50,95
89,95
95,50
50,5
5,50
50,95
68,41
95,50
89,50
5,50
89,10
89,5
50,31
95,5
89,75
50,95
89,68
89,95
89,77
89,95
50,89
50,89
50,56
95,5
89,95
95,89
95,89
89,95
89,95
50,5
89,18
89,5
50,89
50,95
50,95
89,95
5,47
50,95
89,95
5,95
50,95
89,50
5,95
89,95
50,89
89,5
5,89
5,47
89,95
95,14
95,5
95,89
5,89
95,50
5,47
5,89
5,95
121,13
50,95
89,95
5,45
89,95
50,89
89,95
89,50
95,71
89,50
89,5
5,89
50,95
95,89
118,13
95,89
5,50
5,106
95,5
5,95
89,5
89,50
89,50
89,50
89,119
121,39
95,50
119,123
89,110
5,89
89,50
95,14
89,95
95,50
95,89
89,95
113,58
5,116
95,89
50,17
89,59
42,81
95,89
50,95
79,96
89,50
89,50
50,95
107,13
95,89
95,50
5,50
89,95
5,95
95,89
51,13
5,50
5,95
25,106
14,81
5,95
95,14
89,95
51,56
5,95
5,50
95,5
95,89
95,89
95,89
5,95
89,115
89,76
5,50
5,50
95,68
95,50
89,95
5,89
50,95
95,89
5,95
89,5
5,95
47,95
95,50
95,89
95,14
50,106
95,50
50,5
50,95
95,89
5,95
95,50
89,95
95,117
5,8
125,95
95,89
50,95
95,5
5,89
95,5
89,122
95,5
50,95
89,95
5,95
95,89
81,42
5,13
95,89
95,5
5,95
5,95
5,50
95,89
89,50
42,5
95,89
65,25
95,5
50,99
42,98
95,5
95,89
89,95
50,95
5,50
89,95
5,89
50,5
95,50
89,79
50,95
64,31
50,93
95,5
89,95
5,50
50,95
64,81
89,95
89,95
5,50
50,95
89,50
50,39
89,50
89,5
50,5
89,95
89,50
89,95
51,100
121,9
121,77
50,95
50,95
50,89
96,51
89,95
89,5
95,23
95,89
89,95
50,95
89,95
50,95
89,95
5,95
5,89
95,89
89,50
5,73
5,89
50,89
5,15
89,50
5,95
5,50
5,89
89,50
5,95
89,95
95,50
5,89
95,50
50,5
5,95
95,89
95,5
5,95
25,83
50,95
95,83
95,123
95,89
89,95
89,95
89,123
95,5
95,23
5,95
89,50
50,54
95,89
5,95
50,5
50,5
50,95
5,89
89,95
50,89
95,50
89,95
41,28
95,5
89,95
50,5
5,50
50,89
50,5
106,83
5,50
5,64
41,65
95,50
5,30
5,50
42,111
89,50
95,5
89,10
50,89
95,89
95,5
89,50
50,5
95,14
113,58
50,95
89,95
5,15
50,95
95,89
5,89
89,95
89,95
5,89
95,89
89,50
89,50
50,19
95,89
95,5
50,95
50,95
5,73
89,95
50,89
5,89
95,89
89,124
5,89
89,95
89,5
5,95
95,89
89,95
89,95
5,47
51,89
89,95
95,5
121,56
15,83
95,99
5,95
95,116
95,50
95,89
89,50
5,95
50,95
89,95
95,50
89,50
5,102
5,26
89,95
5,95
89,95
95,89
95,89
50,95
95,89
89,95
89,123
89,32
54,115
50,95
89,95
95,50
5,71
95,50
5,89
95,89
89,95
5,89
50,89
89,50
50,95
5,95
89,5
95,50
5,89
50,89
89,50
50,5
89,95
89,95
50,89
50,95
95,89
89,95
95,50
5,50
89,95
5,95
50,95
89,95
89,95
5,89
95,50
89,95
5,89
89,95
89,5
89,95
5,50
95,89
50,89
5,50
50,95
89,95
5,95
63,120
89,95
89,95
50,95
20,8
89,95
89,50
95,50
15,34
89,50
89,95
50,95
5,79
50,5
5,73
95,89
89,95
50,5
5,95
20,64
89,5
5,77
5,89
50,5
95,89
89,5
95,5
5,89
95,50
5,95
5,89
50,95
89,95
95,5
95,89
118,42
89,95
89,95
5,34
54,60
89,95
50,95
89,95
95,5
50,95
95,89
50,123
5,89
5,95
32,74
95,50
5,50
5,95
95,89
50,54
50,5
89,95
89,95
5,50
89,95
50,41
89,50
15,34
64,16
89,50
89,95
89,50
89,5
95,23
95,23
5,89
5,50
89,5
95,89
89,50
50,89
95,38
5,12
95,5
5,95
89,50
5,95
89,95
5,73
89,95
5,50
50,95
50,89
89,5
89,95
95,89
89,50
17,115
95,109
89,50
95,89
95,5
5,50
5,95
89,95
95,89
89,95
89,95
5,89
5,89
89,50
95,75
95,50
89,70
5,95
50,5
50,95
5,124
50,80
95,50
95,89
89,95
89,95
89,50
5,95
89,95
5,78
50,95
5,42
5,95
5,95
50,95
5,95
89,95
5,95
89,5
95,50
89,95
50,95
89,50
95,5
89,50
95,89
5,95
95,89
50,95
50,5
50,9
17,7
89,95
89,95
89,5
89,50
89,95
50,95
95,14
95,89
95,1
50,84
99,50
95,89
50,89
95,89
95,5
89,95
50,5
95,50
5,95
63,120
50,83
89,5
95,89
95,23
50,95
95,5
95,89
50,5
5,95
89,50
50,95
65,72
58,113
89,50
89,50
89,95
5,51
89,5
89,50
5,95
50,5
89,50
50,5
95,50
95,89
89,5
50,95
89,95
89,95
5,47
5,89
50,89
89,5
89,5
50,122
89,5
89,5
95,64
95,89
50,95
95,50
89,95
5,50
80,50
96,117
5,50
89,5
5,50
89,95
83,123
50,89
94,79
89,5
5,95
95,89
51,42
50,95
89,95
95,89
81,42
23,95
89,50
50,95
50,89
96,19
89,5
89,95
89,5
5,95
95,5
95,23
95,14
95,89
89,95
95,50
5,89
50,95
22,50
123,119
89,95
89,95
5,16
89,50
5,45
89,95
50,95
50,95
5,50
96,62
5,50
5,95
95,89
89,42
89,95
50,95
5,50
5,95
95,5
89,95
95,89
5,50
89,5
95,89
89,95
50,95
89,112
89,95
95,66
5,89
89,83
89,95
5,47
95,50
89,5
119,99
5,95
5,95
98,50
15,83
5,47
89,5
68,15
95,89
50,5
95,89
89,50
95,89
5,50
50,85
5,47
89,50
32,74
89,50
89,95
95,89
89,95
89,95
5,95
50,95
89,95
50,95
5,47
50,5
5,95
5,50
89,5
89,50
5,50
95,123
95,50
95,89
89,95
95,5
5,95
5,89
95,50
95,50
54,59
50,95
5,95
5,95
50,118
95,89
50,89
95,50
50,5
89,50
89,95
89,95
95,50
89,50
50,5
89,95
5,95
95,14
5,95
95,5
89,95
89,95
5,47
50,95
89,5
95,50
5,73
89,95
50,31
96,9
50,123
5,95
5,73
5,109
50,5
95,89
5,45
5,95
89,95
50,95
5,47
95,25
89,95
50,95
89,95
95,89
89,95
95,50
89,95
89,50
5,50
89,50
50,95
50,95
89,95
95,50
89,95
95,50
5,50
95,5
63,96
89,95
95,50
89,95
89,95
95,89
89,50
89,50
5,47
95,89
50,95
5,127
50,95
50,98
89,95
5,47
89,95
89,95
50,95
89,95
42,20
95,89
5,89
50,95
5,95
50,95
50,95
95,50
95,56
50,5
95,23
95,96
89,95
89,50
5,123
95,89
5,95
5,50
50,95
95,5
50,95
89,95
89,95
5,95
5,89
89,95
5,95
89,50
89,95
5,50
50,115
95,89
5,95
89,95
95,5
89,95
89,14
89,95
89,95
54,30
89,95
41,68
50,89
89,50
89,5
113,58
50,95
5,50
95,5
89,95
95,18
50,95
89,95
5,95
5,50
89,5
95,50
95,89
5,121
89,95
89,50
5,50
5,95
95,89
95,50
41,117
89,5
50,95
50,95
89,95
89,95
95,23
95,89
123,119
89,95
89,50
89,95
95,50
89,5
89,95
89,95
89,5
89,95
50,78
89,95
5,89
89,50
51,121
50,95
5,95
95,5
50,95
95,89
95,89
95,94
89,95
5,50
5,14
95,89
95,5
89,95
95,50
5,50
95,20
95,23
50,89
5,95
50,95
5,95
89,91
5,95
5,107
95,23
63,96
89,95
89,50
50,95
89,95
14,81
50,95
5,47
50,95
96,85
95,89
89,95
95,5
125,59
95,5
95,89
50,89
95,50
5,95
5,50
118,42
50,95
89,95
89,95
89,95
95,89
89,95
89,5
89,5
5,50
89,95
5,50
5,95
95,89
95,56
5,50
50,95
95,50
50,95
89,95
5,95
95,50
89,5
50,89
15,79
5,95
5,125
95,89
15,79
25,100
5,89
50,95
95,5
50,95
95,89
95,96
95,5
5,47
95,50
50,89
95,89
5,95
50,123
89,50
5,89
89,95
89,50
95,50
50,95
89,51
63,120
89,5
17,48
96,52
95,89
89,5
95,5
5,95
13,5
50,89
42,81
95,5
95,50
5,89
89,50
95,89
5,89
89,95
89,50
95,92
89,95
5,95
5,42
50,95
89,50
5,95
89,95
50,95
89,95
89,50
95,23
15,79
5,95
95,89
50,95
5,47
95,5
89,95
89,56
95,5
89,95
63,120
89,95
5,95
41,68
95,89
50,95
89,95
89,50
50,3
89,95
89,95
89,95
95,50
89,95
89,95
89,5
89,5
5,95
89,5
50,95
89,95
89,5
89,95
5,43
95,89
89,50
89,95
5,89
50,5
41,71
95,89
5,89
5,95
5,95
5,48
5,50
95,89
89,95
95,50
50,95
89,95
95,23
95,5
5,50
5,89
5,95
54,81
89,95
50,95
89,95
50,5
58,79
89,75
5,95
89,95
95,50
50,89
89,95
15,34
89,95
50,95
89,5
118,13
95,5
89,95
89,95
121,5
5,20
5,95
95,89
95,50
123,119
95,89
95,89
89,95
89,95
95,89
95,5
95,89
83,111
5,42
89,95
89,95
20,8
50,5
89,50
51,82
50,89
95,89
5,50
5,95
5,95
5,95
89,95
89,95
89,95
95,89
50,89
89,95
89,95
50,89
95,50
50,30
89,50
50,5
5,95
50,5
23,95
5,95
5,50
89,50
5,89
89,95
95,23
5,95
95,5
95,20
5,89
89,50
89,95
89,5
95,14
50,95
5,95
5,95
89,5
95,89
89,95
50,13
95,50
89,95
50,122
5,73
95,5
5,95
95,89
125,95
89,95
89,10
89,95
89,95
89,95
95,89
89,95
89,95
89,95
95,5
50,31
50,95
89,95
89,95
89,95
95,50
95,89
89,95
50,5
89,95
89,5
50,5
89,52
89,95
89,95
50,95
95,5
50,95
89,95
50,127
50,88
95,50
89,95
5,30
89,95
50,53
5,50
113,58
50,89
50,2
89,50
89,95
5,117
89,95
5,42
5,45
89,50
5,95
50,95
95,5
89,110
89,50
89,50
89,95
89,50
5,50
89,95
20,8
50,89
50,89
5,89
50,95
89,95
41,58
95,89
89,95
15,79
5,89
89,95
50,89
5,89
100,14
89,50
89,95
89,5
95,50
5,73
89,5
89,118
95,89
89,95
95,14
95,89
5,89
95,89
89,95
89,5
113,58
95,89
50,95
89,95
89,95
5,89
5,50
5,89
5,89
100,51
5,89
89,50
89,95
95,89
95,5
95,89
42,51
89,50
95,5
89,95
89,95
50,95
95,50
89,5
54,83
89,95
5,89
50,89
95,5
89,50
89,95
89,95
89,46
95,18
5,50
89,95
5,89
89,5
5,95
89,50
89,95
5,89
5,89
50,95
95,5
41,48
89,107
5,89
5,50
50,95
5,95
95,89
95,89
95,50
95,19
5,95
5,95
5,95
95,89
89,5
89,95
5,95
89,95
50,95
5,47
5,89
89,95
89,50
89,95
89,95
95,89
95,89
89,95
95,50
50,89
106,98
89,5
50,5
95,89
5,89
5,95
95,50
89,95
50,89
95,23
89,95
64,39
89,95
89,95
95,89
50,89
5,95
95,5
15,34
95,50
50,89
89,95
89,95
89,95
5,89
5,95
5,50
89,95
89,50
89,83
125,95
89,95
95,89
95,5
50,89
51,56
50,17
89,95
95,89
89,95
5,89
15,34
5,80
89,42
95,89
89,95
50,95
5,95
5,50
89,5
95,50
89,56
95,50
81,42
89,50
89,5
95,89
89,95
89,5
89,5
89,5
95,89
5,47
50,36
89,5
89,50
5,95
89,95
5,73
95,50
50,35
5,14
5,50
5,95
5,95
89,5
5,33
95,89
50,95
89,50
89,95
17,77
89,95
5,95
89,127
95,42
95,50
95,50
89,95
50,89
95,23
50,122
95,79
50,5
5,95
95,99
89,14
56,95
5,50
89,50
43,89
50,95
95,50
50,95
95,5
50,95
89,95
5,95
95,68
89,50
5,95
96,22
5,95
50,95
5,95
5,89
5,89
95,89
5,82
5,95
89,95
5,95
89,50
89,50
89,28
95,119
50,47
95,50
50,95
89,95
5,89
50,95
89,93
50,95
89,50
89,95
89,50
5,95
95,5
116,89
89,95
89,95
95,14
89,5
121,83
95,5
89,95
5,50
95,89
95,89
41,11
5,95
64,83
50,112
89,5
95,5
5,113
50,5
89,5
5,47
5,118
89,50
50,95
89,95
50,127
15,68
50,89
5,123
50,95
95,89
50,95
89,95
5,94
50,95
5,95
50,95
99,96
5,89
89,95
50,95
5,50
50,94
121,93
95,50
95,5
89,95
95,89
89,99
89,95
50,95
17,95
95,5
89,95
89,5
50,89
5,95
95,89
5,95
5,95
5,50
5,95
89,95
5,52
5,95
15,5
89,50
95,5
89,95
89,95
50,89
89,95
95,89
89,5
95,50
5,95
73,5
5,50
95,50
5,89
89,5
5,50
51,104
89,5
95,99
95,50
20,64
5,50
89,50
89,50
50,49
5,95
89,95
89,95
94,39
50,5
125,46
89,95
95,14
89,95
89,50
68,15
89,95
95,89
95,23
89,95
51,71
89,95
89,95
95,54
5,95
5,95
89,50
89,95
5,73
5,95
95,14
50,94
89,50
107,13
5,89
54,100
17,95
5,95
95,5
95,101
95,89
95,5
89,95
50,95
5,50
50,95
89,95
58,77
50,95
95,79
5,95
5,95
95,5
89,5
50,5
50,89
20,64
89,5
95,89
14,81
50,95
50,5
89,95
95,5
89,50
5,50
89,95
89,5
5,89
5,83
95,89
89,95
95,5
50,95
95,14
95,89
89,5
95,50
50,95
95,5
95,89
50,95
95,89
5,95
89,50
50,5
42,111
5,95
89,95
95,5
5,95
95,89
47,5
89,50
5,47
89,20
89,95
95,117
89,95
89,70
125,15
5,95
89,95
95,89
64,83
125,107
95,89
58,113
17,55
5,82
89,50
125,10
50,95
89,95
95,89
89,95
89,95
50,57
5,95
89,50
96,117
89,5
5,47
95,89
89,95
95,89
50,95
5,73
50,95
89,95
95,5
95,23
89,95
94,76
95,18
50,89
94,20
95,89
89,95
89,95
89,95
95,89
95,14
95,89
89,5
89,95
54,16
5,95
50,95
50,89
89,95
50,5
89,95
95,89
68,15
5,95
25,106
95,89
89,95
95,89
5,50
95,5
95,89
89,95
50,95
89,95
89,5
50,95
65,34
5,89
89,95
50,95
89,17
95,1
5,95
89,95
89,95
89,95
5,95
50,95
64,79
5,89
89,95
50,95
5,115
68,15
95,89
95,89
5,50
50,89
89,95
50,95
5,50
95,89
95,14
50,95
5,89
95,89
5,95
95,5
89,20
89,95
95,5
5,50
89,95
89,95
89,50
89,95
50,89
15,79
5,89
89,95
89,95
50,95
5,95
50,1
89,95
95,5
5,95
89,95
89,50
89,50
50,118
50,95
5,95
89,5
5,89
5,50
50,5
89,5
5,89
95,50
95,89
8,5
89,118
95,89
89,95
89,95
5,95
15,34
5,50
95,50
50,95
95,50
89,95
95,50
5,89
89,95
5,82
89,95
5,95
95,5
95,5
50,95
95,50
89,95
95,89
89,5
95,89
89,45
41,68
89,95
50,5
95,5
95,5
89,95
50,95
95,89
5,50
95,23
95,50
5,118
5,50
89,95
61,96
95,50
95,89
50,89
95,83
5,89
89,95
95,50
50,54
89,50
95,5
50,95
89,50
89,5
5,95
34,41
89,50
125,75
89,86
95,89
5,81
50,89
95,89
50,95
5,89
89,5
95,89
95,5
89,95
5,50
5,50
50,89
5,89
89,95
89,95
50,89
95,89
5,50
95,85
89,95
95,71
89,95
41,68
89,5
89,50
50,89
95,65
51,19
89,5
5,93
89,95
89,5
89,5
50,89
14,81
50,95
5,95
95,92
89,115
95,50
95,5
50,95
5,89
50,95
5,73
94,19
50,89
63,96
95,89
89,95
50,14
54,102
50,63
50,95
5,50
5,95
50,95
5,95
95,50
95,5
89,117
125,4
89,95
89,95
5,47
58,113
89,5
89,1
89,95
5,95
89,50
95,89
89,95
5,89
89,95
95,50
95,50
95,5
95,65
89,5
95,23
95,50
5,95
50,89
95,89
50,95
96,121
50,95
89,47
94,12
89,50
41,50
95,89
95,23
89,31
50,95
89,94
95,5
5,89
5,89
5,95
106,95
5,95
95,14
50,89
5,89
95,89
89,50
50,95
5,95
95,89
5,57
5,82
5,56
89,95
5,95
5,50
5,50
89,117
50,95
5,66
95,89
5,89
50,5
100,119
50,89
89,95
50,95
94,40
89,50
5,95
89,95
5,63
50,95
89,95
95,89
89,50
18,95
89,95
89,95
50,95
50,89
50,95
89,5
5,89
5,71
89,95
95,50
79,96
5,50
89,95
54,50
95,50
89,102
89,50
95,89
89,95
89,95
89,13
23,41
5,8
95,50
89,93
89,95
95,89
5,89
100,119
50,45
50,95
14,81
5,95
50,89
50,95
95,14
89,70
95,89
5,89
50,95
50,5
95,89
89,95
50,95
89,115
50,18
50,89
89,50
95,89
89,101
89,50
95,14
50,95
5,95
89,95
50,5
50,89
95,50
95,89
95,89
50,95
79,63
5,89
5,95
95,23
89,95
95,89
5,50
50,95
42,51
95,89
89,95
89,5
5,89
50,95
96,42
96,9
95,5
50,95
50,95
89,5
89,1
95,50
5,95
95,76
95,5
95,89
95,23
95,89
5,120
89,95
89,50
89,95
95,50
95,89
50,95
89,95
89,95
89,95
89,50
5,95
89,5
5,95
89,95
5,50
95,50
50,95
50,95
34,24
64,1
15,34
50,95
50,5
89,54
113,58
5,50
95,89
50,5
50,95
5,95
89,95
50,95
89,95
5,47
89,50
89,122
95,50
95,89
95,89
89,99
95,5
89,5
50,95
95,50
89,50
89,114
89,95
50,95
34,51
50,95
89,5
89,5
95,1
89,50
5,95
89,95
95,5
89,95
5,50
50,95
95,50
5,95
50,89
5,95
50,95
17,112
5,95
89,95
50,75
89,95
5,89
89,50
5,50
50,89
50,95
89,95
100,119
5,95
50,45
50,95
89,5
95,89
50,95
50,95
89,95
79,54
89,95
89,50
95,50
5,73
95,89
95,89
50,95
5,95
95,5
5,127
89,5
5,73
50,89
95,89
95,89
95,89
95,50
20,64
95,50
95,89
95,89
95,89
5,14
89,5
95,5
50,95
89,50
50,95
95,50
95,89
89,50
20,64
95,89
5,95
5,95
95,89
5,89
89,95
5,89
89,95
89,95
95,50
50,5
50,89
89,95
64,50
89,5
89,95
95,13
89,50
95,14
95,23
50,95
5,115
95,5
89,50
95,5
50,32
95,89
89,95
89,95
95,89
50,18
89,95
50,95
89,98
95,50
89,95
89,5
5,50
95,89
5,89
50,95
5,83
89,95
5,95
127,50
50,95
95,14
41,68
89,95
95,89
89,50
89,95
89,95
5,89
5,47
50,89
5,50
95,5
95,89
95,89
50,89
5,89
89,5
95,50
95,120
50,94
5,89
50,53
50,95
89,5
89,95
5,95
5,95
89,95
95,5
89,95
50,5
5,95
5,89
95,86
95,5
50,28
95,89
98,50
89,50
99,125
5,89
100,14
89,95
95,89
50,5
95,77
50,95
95,89
89,95
50,95
5,81
5,95
119,99
5,50
89,95
5,50
89,5
95,5
100,119
95,89
95,5
95,42
5,95
50,95
5,95
95,89
95,5
50,89
50,83
95,89
50,95
95,89
5,34
89,50
95,14
95,84
95,5
50,89
5,50
50,89
89,95
5,50
89,95
89,5
50,95
89,95
50,89
95,89
89,95
89,95
95,89
5,50
5,50
95,59
107,79
89,50
95,31
95,89
99,119
95,79
89,5
5,95
5,95
5,95
50,5
89,95
95,50
50,95
50,86
89,9
95,50
95,89
121,126
50,95
95,5
80,50
50,95
5,50
89,5
50,95
5,42
89,95
95,89
5,95
89,5
89,18
89,95
95,5
42,51
89,5
5,95
42,81
95,23
89,95
95,89
89,95
89,50
89,50
89,95
5,47
50,95
5,47
95,50
89,95
95,38
5,89
5,89
50,95
50,120
95,89
50,115
89,5
5,95
5,95
89,95
89,95
50,95
50,89
95,20
41,15
5,95
95,89
50,89
5,89
50,5
50,95
95,89
113,71
95,5
89,95
95,23
50,96
89,5
95,89
89,5
89,95
50,5
89,95
95,50
95,50
89,95
95,89
95,71
95,14
89,95
89,42
50,5
95,5
89,50
89,95
50,89
89,95
5,50
89,50
89,95
89,95
95,5
54,66
50,26
89,95
50,23
5,50
50,95
89,95
89,95
89,95
95,50
50,95
95,5
5,89
95,89
95,50
89,95
50,40
50,89
5,50
89,5
17,125
89,95
50,109
5,89
95,5
5,95
89,50
50,95
5,29
5,89
5,95
95,89
95,50
50,5
50,5
89,30
50,60
5,95
95,50
95,23
89,95
5,89
5,97
50,89
5,95
89,50
5,50
5,95
95,14
89,95
50,55
95,5
95,50
89,95
89,95
95,5
50,95
89,50
89,95
89,95
95,50
89,95
89,107
121,20
89,71
50,89
95,89
59,106
89,95
89,50
34,65
89,95
50,24
5,95
89,50
89,95
95,50
89,95
89,5
5,89
89,95
5,89
50,112
95,50
95,23
50,95
89,50
95,25
50,89
95,5
50,77
113,48
89,50
50,65
5,95
100,119
5,95
5,95
5,95
95,97
50,89
89,95
5,50
89,95
89,95
95,50
5,95
95,5
50,95
79,54
68,15
50,95
89,95
50,5
89,50
89,5
64,8
89,127
89,50
50,95
89,95
89,95
89,95
95,89
89,95
89,50
95,89
89,50
95,5
95,89
5,89
5,89
50,122
93,95
5,89
50,13
95,89
5,89
5,89
54,112
95,5
95,89
50,95
95,89
89,95
89,95
50,95
64,122
5,50
95,117
125,34
89,95
95,89
89,5
89,50
89,95
95,14
5,50
89,95
89,95
50,95
95,89
50,89
95,50
50,95
89,95
5,95
5,89
50,95
89,95
5,89
5,95
95,5
89,5
50,95
50,95
89,95
89,23
89,95
50,95
89,50
50,106
95,30
89,50
89,95
95,89
50,5
95,89
89,95
14,81
95,89
89,95
95,5
5,95
89,5
89,95
50,5
50,95
50,95
95,89
50,95
95,5
89,30
5,50
41,68
50,95
89,95
5,95
89,95
95,89
89,95
50,95
95,5
50,16
95,50
63,96
89,50
95,89
89,95
89,78
89,50
89,58
50,95
106,20
95,89
95,89
5,95
95,89
95,89
50,95
89,95
96,65
50,5
5,95
5,89
5,50
95,89
50,95
95,89
5,50
89,50
95,89
95,63
89,95
95,89
89,95
5,89
89,95
89,50
95,50
50,95
5,95
89,50
50,95
95,89
50,43
95,5
5,95
5,106
50,89
5,95
95,89
51,79
89,95
95,5
89,95
95,50
50,5
50,89
89,95
50,95
5,95
89,78
89,95
89,95
5,47
5,122
89,95
95,50
5,89
89,50
95,47
95,89
5,74
50,5
5,117
50,5
5,50
5,50
50,95
50,95
5,95
50,5
89,95
95,5
50,66
5,50
5,50
5,89
95,89
125,95
5,50
89,95
89,95
50,41
50,5
89,95
14,81
5,89
89,126
89,95
5,95
89,95
5,89
15,34
5,95
5,88
95,5
17,112
125,21
14,100
89,50
89,95
42,51
5,95
5,50
89,5
95,71
50,95
89,50
89,95
95,89
95,89
89,95
95,89
95,5
89,50
94,89
89,50
89,95
89,95
95,20
89,78
89,95
95,89
89,95
50,95
125,80
5,94
50,5
89,50
50,91
5,95
95,17
89,50
89,50
89,95
95,89
50,95
50,89
64,74
95,89
89,95
95,50
50,95
50,95
89,95
89,95
89,5
95,42
50,95
89,50
89,95
95,5
5,89
89,5
95,89
89,50
89,95
89,95
50,95
89,13
95,89
121,46
89,50
89,95
50,56
89,95
95,50
95,50
50,95
95,50
5,95
50,89
5,95
95,89
89,95
5,95
50,95
50,122
95,50
95,50
89,95
95,5
95,17
95,89
58,113
95,89
89,95
95,89
50,95
5,50
50,65
5,50
89,5
95,89
89,110
50,95
95,5
89,50
89,98
5,89
89,50
95,50
50,74
95,89
50,95
95,5
89,5
89,93
89,50
13,107
42,51
51,74
50,5
89,101
89,95
95,50
89,95
95,50
50,8
5,89
95,5
89,95
5,14
95,50
95,50
95,23
5,95
95,89
89,32
95,50
50,68
100,119
95,89
89,95
95,5
118,42
89,95
89,5
89,95
17,41
95,89
89,5
5,89
5,89
5,73
95,3
95,123
95,89
89,121
95,29
95,89
50,5
95,50
5,47
50,74
17,99
50,89
95,50
50,30
95,5
95,50
50,89
95,5
89,95
95,89
95,89
89,95
89,95
95,123
50,19
95,50
89,5
95,89
89,38
5,47
20,121
5,17
5,50
5,89
95,23
15,34
95,11
50,52
50,117
50,47
5,95
95,5
95,89
89,95
50,49
123,119
89,50
5,89
5,95
5,89
89,95
55,50
95,50
79,15
5,95
89,54
17,75
89,95
89,50
95,50
50,89
50,5
50,5
50,95
95,89
84,50
95,89
95,89
5,95
89,95
89,95
5,95
50,95
89,50
89,77
89,92
50,74
89,95
50,89
95,89
89,95
89,50
89,5
20,121
5,68
95,89
5,89
95,50
5,73
95,71
95,5
50,95
5,50
50,5
5,89
95,48
64,79
89,5
5,95
89,50
89,71
89,5
50,126
5,95
89,50
95,89
5,89
50,89
95,89
50,95
5,50
95,50
89,95
89,95
5,89
50,95
95,11
89,50
5,99
50,95
95,89
89,95
95,5
17,125
5,74
89,95
89,50
89,95
89,95
50,95
89,50
50,95
50,5
89,50
89,50
5,95
5,95
95,89
50,95
89,5
89,95
95,89
50,95
5,95
89,95
5,95
50,112
95,50
5,65
89,95
95,50
50,5
89,83
89,95
50,95
89,95
50,95
89,95
95,89
89,101
89,95
5,123
89,95
50,95
17,50
89,5
5,50
89,119
5,39
89,95
95,50
89,95
95,89
95,5
89,95
89,95
65,8
89,95
95,55
5,95
89,50
95,89
5,89
89,5
5,95
50,95
5,95
5,95
5,95
89,95
95,5
17,113
50,31
89,50
89,50
50,95
89,95
89,95
41,89
5,41
95,50
50,110
89,95
50,95
50,39
5,95
81,42
89,5
50,77
5,73
89,95
95,50
50,5
5,89
99,12
106,70
95,89
95,89
50,95
5,95
50,95
50,47
50,89
89,95
89,95
5,73
50,95
50,95
5,89
95,5
17,24
5,89
5,95
89,5
5,95
50,95
89,95
89,50
89,50
89,50
5,95
89,95
89,5
5,123
89,50
89,95
5,47
64,40
5,112
89,50
89,95
95,50
95,89
89,50
95,89
89,5
95,89
95,89
5,50
89,5
50,89
89,95
89,95
89,95
5,95
89,95
5,89
95,50
89,95
94,105
89,50
89,95
118,42
89,95
89,95
110,89
95,89
50,89
95,89
95,5
95,14
5,95
89,95
89,50
5,23
50,95
89,95
94,48
5,73
89,95
89,95
50,95
89,20
5,0
95,89
89,50
95,89
89,95
89,95
50,55
95,5
50,95
89,95
5,95
50,95
5,50
95,5
5,47
89,95
95,5
89,95
50,84
50,95
89,50
89,95
89,101
111,42
50,4
5,89
89,50
50,26
89,95
50,5
89,95
89,95
89,95
5,73
5,89
5,89
89,95
95,28
95,89
5,95
95,63
50,95
89,50
89,95
89,95
50,125
89,1
5,95
95,5
95,89
89,50
50,95
5,98
89,36
50,95
5,95
89,95
89,95
95,50
54,12
89,50
89,95
89,5
89,95
50,89
95,50
5,95
89,50
89,95
95,99
89,95
95,5
89,83
50,95
89,95
89,95
50,5
5,89
96,95
50,95
5,95
50,5
50,95
95,50
89,95
95,89
95,5
89,107
50,89
119,20
50,95
5,89
50,95
89,95
5,47
50,95
95,92
50,5
95,50
95,89
95,89
95,50
50,95
50,95
5,95
113,58
41,68
50,95
95,89
5,89
89,95
89,50
50,95
89,95
89,5
95,115
89,95
89,95
50,94
95,89
50,23
89,50
89,95
50,89
50,5
51,63
5,95
50,95
95,5
89,95
5,73
95,5
5,95
89,50
89,5
89,5
89,95
95,52
58,113
50,95
58,79
89,95
89,95
89,95
89,81
50,89
50,119
95,89
95,5
89,5
89,5
89,23
95,50
50,53
41,68
5,89
89,95
5,89
89,50
89,95
5,50
54,50
95,5
95,93
15,41
50,89
89,95
89,5
95,50
50,89
5,89
89,95
5,45
95,23
5,50
95,89
95,5
89,77
50,113
94,109
89,95
89,95
95,50
95,89
50,95
95,89
89,95
89,95
95,50
5,3
5,89
95,14
5,50
5,50
50,5
89,5
89,95
50,89
50,95
89,95
50,95
50,89
5,91
5,95
95,8
95,89
89,122
63,79
5,47
89,95
5,95
89,95
5,89
95,89
5,23
95,50
95,5
89,95
95,89
95,89
5,89
54,81
95,50
89,95
89,95
50,5
73,5
95,5
5,33
89,95
95,50
89,29
50,119
95,89
50,5
95,5
5,95
89,95
95,50
89,5
50,5
50,95
5,95
89,95
95,89
5,17
95,115
89,95
5,95
50,18
89,95
5,95
5,50
89,95
5,89
89,95
89,95
95,5
95,5
95,5
50,89
95,89
89,95
5,114
95,89
89,95
5,95
99,42
50,5
50,5
50,100
89,21
5,50
50,95
5,95
95,5
89,50
123,65
50,95
95,50
89,95
50,95
99,5
89,95
89,95
89,95
89,95
89,95
95,5
89,95
5,98
89,95
95,5
50,95
95,50
95,89
89,95
89,5
50,89
89,95
50,95
95,5
50,89
95,89
50,30
95,89
89,95
5,89
89,95
95,5
89,50
5,47
89,50
5,0
89,5
89,50
89,95
89,95
5,95
5,73
50,95
5,95
89,95
89,45
95,5
95,89
5,89
5,89
89,50
89,95
5,95
89,50
89,95
5,95
89,5
95,89
95,5
89,95
89,50
5,89
89,50
5,50
50,95
95,89
118,65
15,83
5,95
50,95
5,95
89,50
89,95
89,95
89,50
95,5
89,5
95,5
95,50
50,95
95,89
5,89
64,1
50,95
23,50
50,95
89,95
5,89
89,5
95,89
50,17
95,89
89,95
5,95
95,89
95,5
96,110
89,95
89,50
123,119
50,5
50,95
50,95
95,89
89,95
5,73
5,95
20,64
5,47
89,50
5,95
50,95
50,95
50,95
95,50
89,95
50,95
89,5
89,5
89,50
95,50
95,5
5,95
79,54
95,50
64,14
23,50
95,23
5,95
5,95
89,45
50,5
50,2
89,5
5,89
50,89
79,74
50,13
5,95
89,50
5,89
5,89
95,50
89,95
50,89
5,95
5,95
50,5
89,50
111,42
95,5
89,50
89,95
89,95
89,5
32,74
89,95
95,50
5,47
95,5
95,5
89,5
89,95
95,5
95,89
89,95
89,123
89,95
50,95
95,89
50,95
50,95
123,119
95,14
15,34
89,95
95,89
50,95
95,5
95,50
5,89
95,89
5,89
95,50
95,89
95,5
17,8
89,95
89,95
89,95
89,45
95,50
95,5
89,50
5,89
95,50
50,95
95,89
89,95
95,89
121,42
5,52
95,63
89,95
89,95
50,5
95,89
89,5
51,36
95,89
50,89
89,95
50,95
89,95
95,89
50,95
89,95
89,95
95,89
95,14
5,47
89,95
70,42
95,50
50,95
5,95
95,89
5,119
95,89
89,95
5,95
89,50
50,95
5,95
95,89
5,73
5,50
89,95
118,42
89,95
5,89
95,89
89,95
89,95
50,95
89,50
95,5
89,5
15,79
89,75
5,95
5,95
50,95
89,39
5,50
89,30
95,89
107,13
113,58
50,95
89,50
5,95
89,95
95,5
89,95
89,95
50,95
95,83
119,99
89,95
5,50
5,10
5,95
50,5
95,89
95,23
89,95
95,5
50,95
5,50
50,95
89,95
95,89
50,95
95,5
5,89
95,89
95,5
50,89
95,23
89,95
5,50
50,89
89,95
95,5
95,89
5,50
95,89
89,95
95,36
89,95
89,95
15,79
50,95
5,50
89,95
50,5
50,70
95,5
89,95
89,95
5,95
50,47
5,95
5,95
64,57
5,95
89,95
89,50
50,15
5,89
89,82
5,89
5,0
50,121
50,95
5,84
95,50
5,50
95,89
95,50
89,95
5,50
95,89
89,5
95,89
5,95
89,95
50,52
54,100
89,5
95,89
89,95
89,95
95,89
89,95
5,95
89,95
95,23
89,5
5,113
95,94
5,95
89,95
50,89
95,89
95,50
50,5
95,89
50,83
50,93
89,95
5,95
5,95
51,66
5,50
95,5
95,38
89,50
41,35
95,50
50,89
5,73
5,95
89,95
95,89
95,89
95,50
89,95
50,5
89,50
95,50
89,95
89,5
95,89
95,89
89,50
95,50
95,89
89,119
50,13
17,125
95,89
5,99
95,89
5,50
5,50
107,13
94,33
5,95
89,95
89,95
95,5
5,50
50,95
89,95
95,89
83,95
89,20
95,50
89,5
89,95
64,118
89,95
89,95
20,8
95,5
95,89
95,89
51,60
50,5
95,89
95,104
50,95
95,89
63,120
50,89
89,71
50,5
5,95
5,95
5,89
95,23
81,42
89,95
5,89
95,89
95,89
89,95
5,89
5,50
42,94
89,5
89,50
5,73
5,47
95,89
5,50
89,5
95,14
95,17
50,16
5,89
95,5
95,89
95,89
89,5
89,50
89,95
50,95
89,95
89,5
95,50
5,95
95,89
5,50
89,50
89,95
95,50
50,95
50,95
5,95
41,38
89,5
95,5
89,95
95,5
89,95
89,95
58,76
89,50
5,50
95,89
50,92
50,95
95,5
5,50
89,95
5,95
89,50
89,95
5,16
50,79
54,125
89,23
95,50
89,95
89,50
50,96
95,89
89,95
74,20
95,101
89,95
95,5
50,95
95,50
50,89
89,95
96,18
89,107
89,68
95,116
5,50
89,95
50,89
50,5
5,47
5,95
17,98
5,50
50,95
95,89
5,89
50,83
89,48
89,95
95,89
5,89
95,89
95,50
95,89
95,89
95,89
89,95
89,63
50,5
95,89
50,95
95,5
5,95
95,5
89,95
5,50
5,95
95,50
89,95
95,99
89,95
5,89
5,50
89,95
89,95
50,17
63,120
50,95
95,89
5,47
89,48
95,50
95,5
89,95
64,83
89,5
89,50
89,95
95,96
89,50
5,92
89,5
89,95
95,50
89,95
89,116
50,114
89,95
89,75
95,14
95,50
89,50
17,120
89,95
89,50
50,95
5,117
50,95
95,89
95,5
89,3
95,5
5,73
89,5
5,26
89,95
95,5
89,95
89,95
89,95
89,95
95,5
89,95
89,95
89,95
50,95
95,89
89,95
5,89
95,50
89,95
95,5
95,89
89,95
89,50
50,95
89,95
89,95
50,95
89,95
95,89
89,50
89,50
95,89
5,95
89,95
5,95
95,5
89,50
50,5
5,95
89,95
89,95
96,80
50,100
89,95
5,75
5,89
95,5
89,5
54,83
95,50
95,89
95,89
95,5
50,95
95,5
50,89
63,96
50,95
50,45
5,89
13,107
89,41
95,89
89,50
89,50
89,95
95,89
50,95
89,95
5,95
5,50
89,95
95,50
89,95
89,95
95,89
95,89
95,50
5,50
5,95
89,95
5,95
5,50
95,50
95,5
5,95
125,26
89,50
121,44
95,50
50,95
95,29
89,95
89,95
50,95
50,5
89,50
89,95
89,17
89,51
89,50
95,89
5,95
95,50
95,14
5,50
50,5
89,95
89,50
50,122
5,89
89,95
89,95
95,5
5,89
95,89
50,95
95,89
95,50
89,95
50,127
5,89
95,89
5,97
89,95
50,95
50,89
95,89
50,75
89,50
100,119
89,50
50,89
5,95
95,89
5,95
5,14
95,89
5,95
89,95
89,95
89,50
89,95
5,89
50,89
50,5
50,89
89,95
51,19
89,95
89,95
95,89
89,95
95,5
95,89
5,89
50,89
50,5
95,14
89,50
5,50
12,54
50,95
5,89
89,5
95,89
50,95
50,95
89,5
20,64
5,89
5,95
95,54
5,73
50,89
89,17
89,95
50,107
89,95
89,50
5,50
63,32
50,111
63,79
47,20
50,5
89,95
95,2
5,95
89,95
95,89
5,95
95,50
89,5
95,89
50,95
89,50
89,95
95,117
89,95
5,95
95,50
95,50
50,95
5,95
95,50
64,70
95,5
5,95
89,95
95,89
89,5
50,45
89,56
89,95
5,50
95,5
89,95
95,50
95,89
5,95
95,50
50,43
95,50
5,41
50,95
89,42
50,95
50,95
95,50
95,89
89,5
5,50
89,95
95,89
89,50
95,111
5,89
89,95
121,111
5,95
95,89
89,95
5,95
5,95
95,50
89,95
89,95
89,50
89,95
95,89
50,39
89,50
119,99
95,89
20,64
89,95
50,95
95,5
89,95
89,95
89,95
15,34
50,95
89,95
95,50
89,95
89,95
36,96
5,89
89,95
89,95
50,89
5,95
5,95
95,89
50,95
113,58
89,95
89,50
95,5
95,89
50,45
95,5
119,123
95,50
89,95
95,89
95,89
50,5
95,96
5,89
113,58
95,18
89,95
5,50
95,89
121,105
5,50
89,5
125,79
89,50
50,95
89,5
95,116
119,20
95,89
89,95
5,89
5,50
50,95
107,13
89,95
89,5
95,5
89,50
5,89
95,89
5,95
89,80
89,95
89,95
89,63
89,95
89,5
95,5
50,95
50,95
50,5
5,95
5,50
50,89
89,95
5,42
89,6
89,50
95,5
95,14
50,77
5,89
5,89
89,95
89,95
50,95
14,5
95,5
89,95
95,50
5,50
89,50
95,89
89,32
95,50
68,14
89,95
89,95
50,95
95,89
15,79
89,50
89,95
5,73
95,99
89,53
85,50
89,5
5,95
50,95
5,89
89,5
89,95
50,95
89,95
95,5
89,95
14,81
89,110
5,89
89,95
95,89
50,89
95,23
5,47
50,5
50,89
121,95
95,50
95,50
95,5
5,89
89,95
5,89
89,95
50,95
89,50
89,95
89,50
95,89
5,95
89,95
95,50
63,42
5,89
64,114
95,50
5,95
89,50
50,5
95,89
89,0
5,89
50,95
50,5
89,95
5,92
50,5
95,89
95,50
50,5
95,50
99,83
89,95
89,95
95,5
95,5
89,50
5,95
50,5
95,50
89,50
89,95
89,95
95,50
89,95
95,89
89,95
89,95
89,95
95,89
89,95
5,95
5,50
89,66
5,95
20,8
95,5
95,50
95,50
95,89
96,70
5,95
89,95
50,89
89,50
95,23
89,50
5,89
95,14
95,23
89,116
89,5
15,83
95,50
89,95
5,50
89,95
95,50
89,95
42,81
5,79
89,95
89,95
89,95
50,95
5,95
89,95
54,122
50,95
5,95
89,95
42,29
95,89
95,50
89,95
89,95
95,89
89,122
95,89
89,95
89,95
95,50
89,95
95,89
42,51
5,95
95,79
5,95
95,5
5,95
5,95
89,50
95,5
5,95
50,43
64,83
95,5
89,95
50,95
89,95
5,50
5,50
50,95
95,89
5,95
89,95
95,89
89,95
5,95
5,64
89,50
17,5
5,80
89,95
89,95
95,5
50,5
50,89
95,20
50,95
89,50
89,50
5,95
113,58
95,89
89,95
50,5
89,95
5,89
95,89
89,50
89,84
50,5
89,95
50,95
5,95
89,50
50,95
5,95
89,5
50,95
89,95
5,95
89,78
17,63
17,33
50,95
89,95
89,95
89,50
89,95
5,89
50,95
121,52
5,95
5,50
50,95
5,73
95,89
50,89
50,95
5,39
50,83
73,5
89,95
95,5
95,5
89,50
95,89
95,50
95,89
95,89
34,79
89,95
95,89
89,95
50,95
89,5
95,5
89,95
20,8
95,5
89,5
89,50
5,95
50,89
17,80
5,50
5,89
95,89
5,95
94,18
20,8
50,5
89,50
5,50
95,89
89,95
50,5
50,95
95,50
5,38
5,95
5,50
89,95
95,89
89,95
89,95
89,50
50,95
50,5
100,50
89,95
89,95
5,89
95,50
5,47
89,5
95,57
95,50
50,95
51,102
50,95
5,95
89,95
5,73
95,5
94,122
89,50
50,89
95,50
95,89
95,50
5,89
89,50
89,95
15,83
95,83
95,89
5,50
89,95
5,47
95,89
5,89
95,110
95,23
5,95
89,83
95,5
95,5
95,5
89,95
95,89
89,95
50,95
89,95
15,34
50,95
50,83
89,95
89,50
50,95
95,50
41,79
89,95
89,50
95,5
89,95
50,89
113,58
5,119
95,5
89,50
89,5
5,95
89,95
50,89
89,50
89,50
95,89
95,50
95,89
95,89
5,95
5,50
95,89
89,95
89,5
89,5
50,95
89,95
89,95
107,42
50,95
50,95
89,95
63,120
5,95
50,5
89,50
95,89
89,50
89,95
118,79
89,95
15,83
89,5
95,63
23,95
63,79
95,89
50,95
50,95
89,95
95,50
95,50
89,5
95,89
5,95
95,89
5,50
50,14
95,89
89,95
50,95
95,89
89,95
76,65
95,89
89,95
89,95
95,89
5,89
95,5
95,5
89,50
65,57
95,89
89,95
121,20
89,50
107,13
5,95
95,5
95,50
50,95
95,5
89,5
50,125
50,95
5,47
50,96
89,95
89,95
20,8
50,95
50,95
89,95
50,95
50,89
50,5
5,89
89,95
50,89
89,95
50,89
5,13
5,124
5,95
89,95
95,50
95,89
95,89
95,50
50,95
89,5
95,89
89,95
125,5
89,95
95,50
5,89
41,68
89,5
50,88
89,95
95,83
89,95
50,95
89,14
50,5
50,89
89,50
5,89
95,50
95,89
95,5
89,5
5,89
50,95
89,50
95,89
89,50
95,89
20,8
50,38
89,26
89,50
5,50
89,95
95,4
5,95
95,109
50,5
5,50
50,95
95,5
5,89
89,50
89,5
89,50
64,1
89,50
89,95
95,89
5,89
89,50
89,95
50,95
89,95
50,115
89,45
89,95
89,95
5,95
95,5
95,23
5,95
5,50
50,95
95,89
5,95
89,95
89,77
95,89
95,14
5,95
95,89
50,95
14,83
95,89
95,50
89,5
5,89
95,89
5,89
95,5
5,50
89,95
95,89
89,95
5,50
89,95
89,5
95,5
5,54
89,50
89,95
54,43
5,95
5,95
95,5
95,5
50,107
89,95
5,89
89,95
95,50
95,5
5,50
50,89
89,93
95,89
89,11
5,47
95,89
95,5
89,50
95,50
89,95
5,95
95,89
5,89
89,95
89,95
89,95
89,0
89,95
89,50
95,50
95,5
89,95
94,29
5,95
95,89
89,50
89,95
50,95
89,95
5,95
94,18
99,98
89,95
63,96
50,95
5,95
89,50
89,95
95,50
89,50
50,5
5,50
89,95
89,95
5,95
89,95
89,95
50,95
89,95
95,5
50,95
50,89
5,47
50,47
58,24
5,73
89,50
89,50
50,5
5,89
50,95
89,95
89,95
95,89
95,89
89,95
50,95
5,95
5,50
89,95
95,55
89,5
95,50
89,100
89,5
5,89
5,95
5,95
95,89
5,50
5,95
95,89
50,95
50,89
68,15
50,95
5,95
89,50
89,95
89,95
95,14
89,95
95,89
89,95
89,95
5,89
50,95
95,5
99,76
5,50
83,106
5,95
89,95
95,89
89,50
5,95
89,95
5,95
95,89
5,89
95,89
89,5
89,50
89,50
5,48
5,95
5,89
89,95
89,5
50,95
95,14
89,95
5,95
5,47
95,48
95,89
5,50
89,95
50,89
95,23
5,50
50,14
95,89
5,121
95,89
34,65
89,5
89,5
5,110
5,89
89,95
95,50
95,89
95,89
5,95
50,95
50,95
89,95
89,5
5,95
20,64
5,89
89,95
95,89
50,95
54,104
95,50
89,95
95,89
50,95
50,95
89,95
5,95
89,95
50,95
89,51
63,79
5,95
95,23
89,50
50,95
95,23
89,50
5,89
5,50
95,50
89,95
5,95
89,95
41,68
89,95
95,112
95,89
95,77
95,14
107,13
50,95
95,89
89,95
89,95
50,95
5,95
89,5
95,89
95,89
95,23
95,89
89,50
89,50
41,95
54,23
50,5
5,50
5,95
89,95
89,95
89,95
95,89
50,95
50,95
95,89
89,5
89,50
95,50
5,95
95,89
51,61
50,89
50,95
89,95
5,95
89,95
50,5
50,95
89,100
95,23
50,23
50,4
95,50
17,95
89,50
5,50
89,50
89,95
63,120
50,95
95,89
89,95
5,89
95,89
89,84
20,8
5,117
95,50
89,95
95,50
89,95
96,71
50,95
89,95
89,50
89,95
50,89
95,92
51,63
95,89
50,95
5,95
95,23
95,89
50,107
89,32
89,65
51,100
50,2
89,5
95,45
89,5
89,95
50,89
89,95
50,89
50,19
95,14
89,95
64,48
89,95
5,95
89,95
89,95
89,95
15,79
95,89
50,89
5,95
95,89
95,89
95,89
100,119
50,95
95,50
95,5
95,50
89,95
95,50
5,95
50,95
5,95
89,50
5,95
95,5
89,95
100,119
95,5
50,5
50,5
89,95
68,41
89,95
89,5
89,95
89,95
95,89
50,95
5,95
89,95
95,50
50,95
89,95
41,73
95,50
95,89
95,89
5,50
50,95
89,95
89,50
5,95
89,95
50,95
5,50
50,5
50,95
95,14
63,120
95,89
50,95
89,95
89,95
50,95
89,50
89,50
89,42
95,50
95,89
89,95
95,50
50,95
50,95
95,89
5,89
50,95
5,50
89,95
50,89
89,95
123,119
95,89
5,95
5,17
89,95
95,89
89,95
95,89
95,77
5,95
73,83
50,39
5,47
89,79
95,50
89,50
5,50
50,95
89,71
89,95
50,95
125,102
89,95
89,95
89,95
50,95
50,89
50,95
5,95
95,23
50,95
95,96
89,92
95,50
89,5
5,123
50,95
100,14
89,50
89,95
50,95
95,50
118,111
50,89
95,50
5,50
89,95
50,95
89,95
89,95
111,42
89,56
5,89
50,95
89,95
89,95
94,109
89,50
5,50
5,50
50,92
95,50
50,95
89,50
89,95
95,5
5,95
89,93
89,95
89,95
50,95
50,89
89,95
89,50
50,95
50,95
95,14
15,79
121,85
95,5
95,89
5,95
42,51
5,95
5,73
15,79
95,89
89,92
50,89
89,23
5,89
95,14
89,95
15,79
50,95
5,95
63,42
5,47
89,50
95,5
64,95
89,95
5,95
89,5
5,50
5,89
89,95
89,95
95,66
50,83
95,89
50,5
50,95
89,5
95,89
125,59
95,50
95,89
50,89
89,95
95,5
89,95
95,89
89,50
89,95
5,89
5,109
5,95
50,65
5,50
95,5
89,56
94,62
89,95
5,28
89,50
5,50
95,50
95,5
89,93
63,120
5,95
95,79
50,95
5,50
89,50
5,95
5,80
89,95
95,89
95,5
5,89
95,89
5,89
89,95
89,95
5,89
95,50
89,50
5,95
5,50
95,50
50,95
5,50
5,95
50,110
95,50
5,95
64,83
5,95
95,17
95,89
89,95
50,95
95,23
95,17
5,89
50,5
50,76
5,95
89,125
5,95
107,13
89,95
89,95
5,95
5,73
50,5
95,89
50,95
95,5
89,50
41,40
5,95
89,95
89,95
5,89
89,95
89,95
95,125
95,89
50,89
95,50
95,89
5,95
50,89
50,89
89,50
89,95
89,95
95,5
89,95
89,95
5,95
89,95
89,95
50,83
50,95
50,95
89,95
89,95
95,47
89,95
89,50
95,0
89,5
89,17
89,95
50,95
5,95
95,5
89,50
95,89
89,95
50,89
89,95
41,113
5,89
89,50
89,95
95,83
89,95
95,123
89,50
95,50
50,48
20,64
89,48
50,95
5,95
50,75
64,9
95,5
5,125
89,50
50,95
95,50
50,95
95,50
89,95
95,5
68,14
89,42
89,95
89,95
5,89
95,14
95,14
89,50
95,89
95,79
89,95
50,89
95,50
5,89
95,89
95,89
89,95
95,50
95,89
50,95
89,95
89,50
89,5
95,5
113,5
95,89
89,95
15,83
50,95
95,89
89,5
94,38
89,50
95,5
95,5
5,0
89,95
89,95
50,89
5,50
50,95
50,5
89,95
5,50
50,52
96,45
89,122
95,89
95,89
5,89
95,89
5,50
89,95
89,95
41,19
89,95
89,5
50,95
5,50
50,5
50,5
100,14
95,89
79,63
125,83
99,50
80,50
50,5
89,95
5,95
95,89
95,14
95,89
95,50
50,95
95,89
95,5
95,50
50,89
89,95
89,5
89,50
89,5
100,119
95,50
95,89
95,89
123,119
50,48
95,50
89,50
89,95
65,52
95,92
5,95
5,50
5,22
89,95
89,95
89,50
50,95
5,89
50,89
95,50
95,89
89,50
50,95
95,46
121,79
89,95
89,95
50,42
95,89